-14.759004377993708
-14.885275753657098
-15.043650863629122
-14.536855580553581
-14.759004377993708
-14.67295256020698
-15.157801940532714
-16.785318666168042
-15.686956768703162
-14.759004377993708
-15.01220867089525
-15.700257513748461
-15.537560544694074
-14.885275753657098
-14.920805285962544
-16.371335786060783
-19.52476910080538
-14.885275753657098
-14.885275753657098
-15.301545183530447
-16.091354290331143
-14.727244821954796
-14.67295256020698
-15.854707818985055
-14.594635947485955
-14.434422466090474
-14.305943490785978
-14.834544024399474
-15.756574286905371
-14.498155278323232
-13.991788758501091
-14.990238789605801
-15.333653550961703
-14.194371728482775
-13.27145091361544
-14.092619700407848
-13.108995368650405
-12.792204002816657
-13.195000611209899
-14.90979495589824
-12.580397941294116
-12.159657536893357
-12.260939546352777
-14.248762487946246
-18.07527264177674
-11.767237221095174
-11.241049523888726
-11.186696407362867
-11.382286534152337
-10.188687788723122
-10.248096007512185
-10.341376703650031
-11.505923579371725
-10.221492646975957
-9.52001588904408
-9.634274023058575
-9.74678298054583
-9.632428238099648
-9.447140718716646
-9.072499469387138
-8.728641296016377
-9.038613958575487
-8.191674278184504
-8.05123597744624
-8.12463051227733
-8.21256714101547
-8.680209375542074
-7.556394749512323
-7.206685372265934
-7.206685372265934
-7.360536566831006
-7.090292958603789
-6.917395400664189
-6.830901306787268
-6.635097741496129
-6.619028676970245
-6.30190052284876
-6.0324504766175
-5.949740197731998
-5.565288993759441
-5.3142555954752275
-5.08807832415715
-5.309570161644693
-4.602647518591087
-4.404072798502995
-4.432577059144363
-4.018208464184238
-3.9621794990463792
-3.693488570289626
-3.641767889171448
-3.17302226115404
-3.2962437314674373
-3.188824481191358
-3.0025808414937956
-3.0025808414937956
-2.539803272725018
-2.734685684059107
-2.5727527972722863
-2.533099276988711
-1.9592033350840437
-2.1542858140750853
-1.9910177132737223
-1.7803698547139768
-1.8245138126667264
-1.0130184371059539
-1.4361905427167234
-1.2363568170856805
-1.256666724877133
-0.28676200864286333
-0.36346733450609636
-0.25086695043924806
0.0
0.5794367630814187
0.9712795649131136
0.7180952713583617
0.7043907907016833
1.0771429070375427
1.4701444555841636
2.1938996504965167
1.5555994388940078
1.883607372394568
2.1034892949948336
3.0219945441493183
3.1172480996012357
3.28526004869899
3.742833172149341
5.160121286786349
4.761884456083187
4.642389261294066
4.815340757397934
6.240336594738531
5.992699821890458
5.24228539575449
5.505213645767194
6.293903447209309
6.241757780175642
5.815477352097542
5.8927330143545085
6.274937957957267
6.9457540600038605
7.930424618530752
6.945756938509419
6.636754574844642
6.629408037517027
7.033539592320565
7.560325398199572
7.142688794114061
7.284016192474722
8.28641155419081
8.849240463598516
7.975329575938824
7.720092790503521
8.258576679401608
9.13136964835505
9.579041717372661
8.95029498862727
8.64816835970254
8.677704200271197
8.763665565390568
9.493641090209938
9.779941000129092
8.971385295843795
9.555938961297064
9.745182362644924
9.961111723981361
9.488847519154955
9.296761504383525
9.356376490561907
10.436284895208628
11.256498516777302
10.36738196451422
10.173728254616352
10.322579728618576
11.086032974244645
11.458672738084804
11.181860777003125
11.033957647491572
13.41333914241583
11.56357143986076
11.577099231873824
11.3742377316848
12.539623040460324
13.633688412387434
12.903090374966421
12.46031496109776
12.262963116969521
13.512763062035216
13.300460387159784
13.155794581674801
13.331205176097129
13.564612627489435
13.99349237848471
13.741927825234393
13.766279061234677
14.45166733608703
14.724425064963835
17.028400246394952
14.211191626301904
14.805819011704154
15.716408935869321
15.638985628005067
15.349286425284983
14.406395725898562
15.434272517572303
15.783528014391319
16.83450978780942
15.488958836441125
15.514197786790586
15.248875008114855
16.537763720027385
16.537763720027385
15.753487702178948
17.60722884144738
17.565398222442184
16.933601384643673
16.350617489292695
16.542763385914824
16.542763385914824
17.68309605719966
16.520936421472825
16.171832366374446
15.880357875930398
17.153251594444228
17.39962028652223
17.102329428990693
16.794163304227496
17.825172791570406
17.7427565848931
16.794163304227496
16.58902364016798
17.22334694768863
17.713168946733752
17.427623859686506
16.751629485226914
16.751629485226914
17.7427565848931
18.242701819922388
16.794163304227496
16.794163304227496
16.996925854454773
18.125643650910334
17.260050553343365
16.794163304227496
16.794163304227496
17.7427565848931
19.62837596945898
18.150209643126992
16.794163304227496
16.794163304227496
17.7427565848931
17.7427565848931
16.794163304227496
16.794163304227496
17.056937798435598
18.90030139431701
18.178857382064418
16.794163304227496
16.53121348004224
16.794163304227496
19.88208427286022
17.7427565848931
17.056937798435598
19.14174778897381
16.794163304227496
16.794163304227496
17.056937798435598
17.056937798435598
19.88208427286022
16.794163304227496
16.794163304227496
16.794163304227496
18.242701819922388
17.54285001455362
17.056937798435598
17.056937798435598
17.825172791570406
18.10429341028446
16.794163304227496
16.794163304227496
17.54285001455362
19.88208427286022
18.047341513156407
16.794163304227496
16.794163304227496
16.794163304227496
17.7427565848931
17.7427565848931
16.794163304227496
16.794163304227496
17.7427565848931
18.570990864696558
17.260050553343365
16.794163304227496
16.794163304227496
17.43932114187721
18.79609105891004
16.794163304227496
17.54285001455362
18.45700376719834
17.775783711570387
16.794163304227496
16.794163304227496
17.667206698397614
19.88208427286022
18.760238964237203
16.794163304227496
16.794163304227496
16.794163304227496
17.973602251363477
17.056937798435598
16.794163304227496
16.794163304227496
18.242701819922388
19.295645979542147
17.260050553343365
16.53121348004224
16.794163304227496
18.047341513156407
18.047341513156407
17.056937798435598
16.794163304227496
17.056937798435598
17.318693775108276
17.056937798435598
16.794163304227496
17.056937798435598
17.056937798435598
18.047341513156407
17.825172791570406
16.53121348004224
16.696515956739628
18.45700376719834
16.794163304227496
16.794163304227496
17.54285001455362
18.45700376719834
17.056937798435598
17.056937798435598
16.794163304227496
19.295645979542147
17.54285001455362
16.794163304227496
17.056937798435598
19.705046144597283
19.88208427286022
17.056937798435598
16.97767253342455
16.794163304227496
16.794163304227496
16.794163304227496
16.794163304227496
16.794163304227496
17.7427565848931
17.54285001455362
17.056937798435598
17.056937798435598
17.318693775108276
18.047341513156407
18.047341513156407
17.056937798435598