0
0
0
0
0
0
0
0
0
0
0
0
0
0
0
0
0
0
0
0
0
0
0
0
-1.41
-1.41
-1.41
-1.41
-1.41
5.91
5.91
5.91
5.91
4.83
4.83
0
0
0
0
24.78
24.78
24.78
24.78
0
0
0
0
0
0
0
0
3.15
3.15
3.15
3.15
3.15
0
0
0
0
0
0
0
0
0
0
0
0
0
0
0
0
0
0
0
0
0
0
1.04
1.04
1.04
1.04
0
0
0
0
-1.22
-1.22
-1.22
-1.22
-1.22
0
0
0
0
0
0
0
0
0
0
0
0
0
1.78
1.78
1.78
0
0
0
0
0
3.17
3.17
3.17
3.17
0
0
0
0
-2.57
-2.57
-2.57
-2.57
-5.94
-5.94
-5.94
-5.94
-1.82
-1.82
-1.82
-1.82
0
0
0
0
0
1.63
1.63
1.63
1.63
1.63
0
0
0
0
0
0
0
0
0
0
0
0
0
0
0
0
0
0
0
0
0
0
0
0
0
0
0
0
0
0
0
0
0
0
0
4.33
4.33
4.33
4.33
0
0
0
0
0
0
0
0
0
1.13
1.13
1.13
1.13
0
0
0
0
0
0
0
0
0
0
0
0
0
0
0
0
0
0
0
0
2.03
2.03
2.03
2.03
0
0
0
0
0
0
0
0
0
0
0
0
0
0
0
0
0
0
0
0
0
0
0
0
0
0
0
0
0
0
0
0
0
0
0
0
0
0
0
0
0
0
0
0
0
0
0
0
0
0
0
0
0
0
0
0
0
0
0
0
0
0
0
0
0
0
0
0
0
0
0
0
0
0
0
0
0
0
0
0
0
0
0
0
0
0
0
0
0
0
0
0
0
0
0
0
0
0
0
0
0
0
0
0
0
0
0
0
0
0
0
0
0
0
0
0
0
0
0
0
0
0
0
0
0
0
0
0
0
0
0
0
0
0
0
0
0
0
0
0
0
0