14.840922355651855
14.705541610717773
13.896655082702637
14.705541610717773
14.869879722595215
14.840922355651855
10.63024616241455
14.840922355651855
15.354232788085938
15.222702980041504
12.530064582824707
14.846598625183105
14.917701721191406
14.151071548461914
13.601571083068848
14.705541610717773
14.705541610717773
15.239850997924805
13.058609008789062
8.141639709472656
0
12.494355201721191
15.240764617919922
13.735723495483398
11.335884094238281
15.368939399719238
15.000100135803223
9.013978004455566
15.000100135803223
15.433003425598145
15.693940162658691
14.680883407592773
15.305328369140625
15.403021812438965
16.012174606323242
15.742161750793457
15.620599746704102
16.01746940612793
16.278919219970703
16.02790641784668
15.642975807189941
16.324926376342773
16.40131950378418
16.6835880279541
16.51470947265625
16.51470947265625
16.800811767578125
17.20486068725586
17.030433654785156
16.648202896118164
16.850061416625977
17.306175231933594
17.36662483215332
16.985797882080078
15.88248062133789
17.619916915893555
18.0357666015625
17.826488494873047
17.360265731811523
18.335664749145508
18.335664749145508
17.360265731811523
17.0574893951416
17.947444915771484
18.335664749145508
18.06596565246582
17.706056594848633
17.5860595703125
18.42584991455078
18.316415786743164
18.06596565246582
18.316415786743164
19.011638641357422
18.690275192260742
18.062490463256836
17.703603744506836
18.65019416809082
19.063810348510742
19.029645919799805
18.741764068603516
18.160612106323242
19.03799057006836
19.114681243896484
19.310243606567383
17.162012100219727
19.776283264160156
19.54784393310547
18.648193359375
18.684894561767578
19.83241844177246
20.329959869384766
20.184476852416992
19.23842430114746
18.97731590270996
19.62946891784668
20.576887130737305
20.576887130737305
20.556568145751953
20.3372859954834
20.604684829711914
20.445112228393555
20.36037254333496
20.90381622314453
20.9536075592041
20.95745277404785
20.90381622314453
21.583221435546875
21.708393096923828
21.548471450805664
21.613174438476562
22.00491714477539
22.344379425048828
22.068599700927734
22.29178810119629
23.429044723510742
23.09391212463379
23.032983779907227
23.10950469970703
23.524211883544922
23.276453018188477
23.132434844970703
23.56255340576172
23.94255828857422
24.075029373168945
23.751466751098633
24.10995864868164
24.57276153564453
24.789447784423828
24.789447784423828
24.937334060668945
25.19290542602539
25.55215072631836
25.75908851623535
25.75908851623535
25.96159553527832
25.81327247619629
26.28484535217285
26.24615478515625
26.250112533569336
26.457378387451172
26.686254501342773
27.238882064819336
27.918909072875977
28.297266006469727
28.297266006469727
28.296709060668945
28.296709060668945
28.721153259277344
28.746212005615234
28.38784408569336
28.77478790283203
28.77478790283203
28.77478790283203
28.77478790283203
28.552505493164062
29.41286849975586
29.41286849975586
28.939424514770508
28.939424514770508
29.30596160888672
29.47439193725586
29.546672821044922
29.773653030395508
29.773653030395508
29.705289840698242
30.07404136657715
30.133256912231445
30.133256912231445
30.069215774536133
30.716432571411133
30.886472702026367
30.716310501098633
31.28217124938965
30.964643478393555
31.24663734436035
31.440895080566406
31.434734344482422
32.2745475769043
32.182010650634766
32.182010650634766
32.051822662353516
32.676368713378906
32.43022155761719
32.35154342651367
32.78776931762695
32.817874908447266
32.810787200927734
33.67201614379883
33.67201614379883
33.78362274169922
33.976776123046875
34.183326721191406
34.473148345947266
34.426475524902344
34.53193664550781
35.173587799072266
35.10307312011719
35.101165771484375
35.46337890625
35.46337890625
35.677005767822266
35.86491394042969
35.626827239990234
35.639129638671875
35.796382904052734
35.944217681884766
36.11376190185547
36.060001373291016
36.060001373291016
36.382625579833984
36.12303161621094
36.635040283203125
36.635040283203125
36.382625579833984
36.382625579833984
36.436981201171875
36.80012512207031
36.714332580566406
37.0957145690918
37.0313720703125
37.0957145690918
37.462039947509766
37.369384765625
37.396236419677734
37.39152145385742
37.27983856201172
37.470088958740234
37.37172317504883
37.74787139892578
37.288856506347656
37.74787139892578
38.20526123046875
38.02223205566406
38.20526123046875
38.60078048706055
38.64710235595703
38.87882995605469
38.98100662231445
38.98100662231445
38.98100662231445
39.2197265625
39.097373962402344
39.2197265625
39.2197265625
39.35340881347656
39.35340881347656
39.35340881347656
39.35340881347656
39.269840240478516
39.323429107666016
39.51430892944336
39.63160705566406
39.45979309082031
39.8146858215332
39.8146858215332
39.8146858215332
40.24424362182617
40.723472595214844
40.723472595214844
40.4840202331543
40.460304260253906
40.4840202331543
40.67148971557617
41.20024108886719
41.20024108886719
40.915985107421875
41.381370544433594
41.381370544433594
41.381370544433594
41.20689010620117
41.52654266357422
41.655330657958984
41.82899475097656
41.9445915222168
42.05768966674805
42.181373596191406
41.95469665527344
42.083763122558594
42.083763122558594
42.2234992980957
42.2234992980957
42.3739013671875
42.754234313964844
42.99300765991211
43.19242477416992
43.63212966918945
43.597171783447266
44.12989044189453
44.18558883666992
44.316349029541016
44.39698028564453
44.34282684326172
44.74974060058594
45.04417037963867
45.162452697753906
45.28969955444336
45.43094253540039
45.58230972290039
45.96780776977539
46.055606842041016
46.348751068115234
46.387107849121094
46.744258880615234
46.744258880615234
46.86915588378906
47.03866195678711
47.2059211730957
47.69123458862305
47.999839782714844
48.57163619995117
49.074371337890625
49.42254638671875
49.843505859375
50.05620574951172
50.68158721923828
50.72928237915039
50.81066131591797
51.19813537597656
51.96297073364258
52.35551834106445
52.32286071777344
52.32286071777344
52.551124572753906
52.91874694824219
53.72328186035156
53.92737579345703
54.30011749267578
55.006797790527344
55.441261291503906
55.75361633300781
55.8753776550293
56.537330627441406
57.196590423583984
57.37508010864258
57.62384033203125
58.01589584350586
58.73341751098633
59.461063385009766
60.09699630737305
60.7856330871582
60.894073486328125
61.559471130371094
62.09846115112305
62.39399719238281
63.33071517944336
63.775760650634766
64.25212097167969
64.60636901855469
65.454833984375
65.9758529663086
66.8004150390625
67.31619262695312
67.72985076904297
68.43647766113281
68.67626953125
68.64693450927734
69.43889617919922
70.3598861694336
70.68064880371094
71.70049285888672