-0.6064313109604362
-0.7140165440997652
-0.7923358834134577
-0.7140165440997652
-0.5043752969032784
-0.6064313109604362
-1.8343883765313271
-0.6064313109604362
-0.38295760021068215
-0.39862572492534065
-1.3168327977029735
-0.5615040853269639
-0.48600081931454775
-0.741993280441102
-1.433657912082927
-0.7140165440997652
-0.7140165440997652
-0.5905569550007754
-1.352874297886561
-1.9802050525656871
0
-0.7272241546456412
-0.5689861148481644
-0.9261635984294884
-1.8525242341418897
-0.5261875507314355
-0.6999953270270451
-2.329715025887549
-0.6999953270270451
-0.6019325479956128
-0.5092764231352525
-0.7870379813670527
-0.6860355914460894
-0.5843009319594614
-0.33508267013031934
-0.42878482046214383
-0.6721892994035308
-0.4682387591844356
-0.46071854640074184
-0.4679338526489607
-0.5753381013261782
-0.5513041708440614
-0.45728028152061606
-0.4495435866333677
-0.4136992427294264
-0.4136992427294264
-0.3696998704882032
-0.3851658181732718
-0.28470132554554606
-0.3091984341326006
-0.29935461670072905
-0.2702804455210935
-0.32645921033599473
-0.36741456074650913
-0.944436852002055
-0.2692400911851175
-0.24950422676295608
-0.18621786319037847
-0.21865527607295235
-0.19270315543188726
-0.19270315543188726
-0.21865527607295235
-0.21912287738494204
-0.18380233866793913
-0.19270315543188726
-0.12698620500563307
-0.17282294343694163
-0.19115850484156455
-0.12853808496745286
-0.17670086369191873
-0.12698620500563307
-0.17670086369191873
-0.0984985915329046
-0.16798136397809305
-0.16609005309111022
-0.2541855356086064
-0.09486286306105507
-0.1529768051332441
-0.1185516910619058
-0.16007031083192672
-0.3503084790867217
-0.1273578128897879
-0.14817517126510166
-0.1613341750189078
0.1529540933004232
-0.05616876090083897
-0.10962014694546626
-0.24505861906445153
-0.2878966332682269
-0.1253353201449639
-0.14756546590717828
-0.05934639700206351
-0.19353996316850036
-0.2504596425637708
-0.17105619737462827
-0.03144319982499422
-0.03144319982499422
0.007143730650772411
-0.12474711831406896
-0.07344325618134354
-0.08355680457932815
-0.0841968471429499
-0.01820866051925158
-0.05857055405992777
0.01672263661839135
-0.01820866051925158
0.05486617678040945
0.0
-0.02968133511483186
0.034701057086034645
0.02461802176907967
0.07844990435249499
0.05481481814389978
0.0945496729488898
0.11470935111926366
0.08037158669066319
0.1225010075839375
0.06547884142965571
0.051644866623823865
0.11107770557210125
0.061869756889355254
0.06366033316377363
0.03825761208897205
0.08754636356801392
0.04430300509716478
-0.054597572481350116
-0.060735823169453806
0.012761900804889814
0.012761900804889814
-0.05159111221250472
0.0
0.0010677267497349718
-0.054215637687491935
-0.054215637687491935
0.11555530151925382
-0.00041851426107294965
-0.0030163642550096225
0.11309552878142028
0.11314823145216764
0.11338991929082855
0.11616547245881598
0.1756025953049989
0.22771353318783083
0.2379274567254589
0.2379274567254589
0.23827671567594894
0.23827671567594894
0.2494074307637668
0.22727338475382405
0.2008556374797543
0.19059653953036523
0.19059653953036523
0.19059653953036523
0.19059653953036523
0.13659078556896395
0.11899605299694296
0.11899605299694296
0.11704050850108481
0.11704050850108481
0.1414264482031745
0.12931178076589311
0.15230141231992894
0.10076022572498383
0.10076022572498383
0.12306718700829908
0.14184809359580386
0.1117882989561354
0.1117882989561354
0.08407573545050535
0.09694927248118308
0.14649517547480898
0.09673207468390375
0.13589720592210155
0.13717397837713777
0.16136697326500649
0.0991545541748028
0.10103651182153545
0.07374956252994033
0.10226637891090204
0.10226637891090204
0.1449707237146302
0.1879603274093109
0.13544094211439356
0.1638475217383153
0.1565088642772402
0.1560109956876716
0.15926473096449534
0.14258341842344274
0.14258341842344274
0.17125815278697099
0.16745662419129276
0.163446436618244
0.1579120517600614
0.17838654695660594
0.17302310783731056
0.1626710785533827
0.19143278787575826
0.19223870734962334
0.1844859663495298
0.1844859663495298
0.17295886143114692
0.1828136227936606
0.2009508361334006
0.15609557270237015
0.2030080115671603
0.18445940546312195
0.17289267588929383
0.1976812861813073
0.1976812861813073
0.15524718408528368
0.15882508736528764
0.20032620910203364
0.20032620910203364
0.15524718408528368
0.15524718408528368
0.15450552653465296
0.19791618723963228
0.15076489629216944
0.14572880909389035
0.17931977083408876
0.14572880909389035
0.18850624854321832
0.18979926828471563
0.22173170206990594
0.22178047397240735
0.17584930079611685
0.14090340409255875
0.12645429265330532
0.13152928569277494
0.15943897985176547
0.13152928569277494
0.14727656141415918
0.14965176125931798
0.14727656141415918
0.14223117526963977
0.12275027030612451
0.11903626544027522
0.11741487636756251
0.11741487636756251
0.11741487636756251
0.11366554306416674
0.11558079690963399
0.11366554306416674
0.11366554306416674
0.11159044072173444
0.11159044072173444
0.11159044072173444
0.11159044072173444
0.13952931281839664
0.13865234773074891
0.16167223652135232
0.14963517841817858
0.15235280856383726
0.1467706653741082
0.1467706653741082
0.1467706653741082
0.1674539969385164
0.1737352762150489
0.1737352762150489
0.13320640296672562
0.12910626067631076
0.13320640296672562
0.126445970079875
0.16819383289279394
0.16819383289279394
0.1234069372396484
0.16612797452183736
0.16612797452183736
0.16612797452183736
0.11984959645492435
0.1160091545658829
0.11448231841640265
0.11244097245654897
0.11109321493847996
0.10978333125173295
0.10836100511557939
0.13901582917597577
0.13742559603393978
0.13742559603393978
0.13571643916048562
0.13571643916048562
0.13389083822347442
0.12176913757835416
0.10165816368404945
0.14658213392907216
0.14212118115028274
0.14624923121426278
0.179848770606375
0.19245398445150635
0.17793413509978467
0.17711297478811952
0.16217056029461283
0.1638046468140998
0.16474003051644642
0.16500592191985416
0.16560056864550732
0.16508572310944025
0.16453751566327554
0.13052612885196369
0.1686084742563302
0.17118254768891017
0.15791610958526497
0.17210110850355975
0.17210110850355975
0.16433591818250776
0.16181296698222344
0.18148440828981663
0.19577073087115623
0.2151486902431639
0.20959441403252382
0.20483449404223325
0.22762890264640828
0.2407535303366494
0.22951555769141957
0.19372876786276916
0.18760454753237932
0.2361709076248657
0.2636814778675423
0.267531536441527
0.2578524753027119
0.22934525817935153
0.22934525817935153
0.22834906193846932
0.22462870698307968
0.25343578705916736
0.2515658138390907
0.2791795959801749
0.28266242950097026
0.3056014912760051
0.3088123848994039
0.29956507624734635
0.32751808558199014
0.3470703746222674
0.3566610305632121
0.3575990695989552
0.3741311037583607
0.34910067558364943
0.37891160665362145
0.3742782101916921
0.38959097093749956
0.4003341223237513
0.40607540995024866
0.4183613976487982
0.43497822111867956
0.40120548613891516
0.42972280954800013
0.4384632757413211
0.4323321704574092
0.4242229199225671
0.4395827414052036
0.4490990060833764
0.4456580033611129
0.454294779592468
0.46275305999728433
0.47668931169080475
0.46622894695983663
0.4319481579674548
0.42637931402783996
0.4261482899756418
0.43983763653409946