22.751115204583478
22.89418772196104
23.301096942126
22.424477522914025
22.751115204583478
22.793206291023075
23.634907314871597
26.899139182192396
24.34730697808529
22.751115204583478
23.142206317711747
24.29206293187396
24.29206293187396
22.89418772196104
23.212808440303487
25.729121980596723
32.233240975094255
22.89418772196104
22.89418772196104
23.745863619072505
25.247383223667008
22.779937612568798
22.793206291023075
25.42382384919637
23.8554823738749
23.697895702200952
23.82059029969591
25.740617734183363
27.83362130217465
25.42382384919637
24.76798661155129
27.055586448877982
28.4621605477702
26.54850325164162
24.561765089004737
27.055586448877982
26.034995869268755
25.921041353318987
27.055586448877982
32.345826381950005
26.188574751127955
25.302981985004628
26.555780104738194
31.68670637915874
45.84171882629983
26.78054749135622
25.5470410201155
25.955735075798287
26.55582225262201
25.265680569967113
26.004854011454185
26.605944561462536
30.717811219536927
27.58097940626536
25.247383223667008
26.605944561462536
27.21450682531492
28.15757948680628
27.720572080120633
26.505952854072426
25.961645218370187
27.86202401987064
26.505952854072426
25.309288663433207
26.58084965527078
27.21450682531492
29.947445287721976
25.957155538633636
25.42382384919637
25.42382384919637
27.805238349596756
27.69004405711254
26.5777193695621
28.51502226681219
29.162877454529028
28.119796287134943
27.192947991141196
28.522602718206425
29.869782223623588
27.85858333465786
25.729121980596723
27.101437724806644
31.416875755721204
27.21450682531492
28.342314785853176
31.50528661667097
29.741678696346384
27.83362130217465
27.161254944797992
29.878423715283745
33.56974037322337
31.760795229775905
27.157433230922845
26.58084965527078
26.58084965527078
30.905313634361278
28.283812072760337
27.748875219162727
29.74103011727177
30.3064851740018
27.055586448877982
26.008823552775794
28.342314785853176
29.098742517140774
30.882027164578425
27.055586448877982
26.58084965527078
27.055586448877982
28.955691751424702
27.41672866221125
26.898422884140754
27.055586448877982
29.276226186538935
29.456695960947524
27.055586448877982
27.022416867373703
27.055586448877982
27.748875219162727
30.29922874085606
25.961645218370187
27.033898112262694
27.60916544465239
28.791808566522633
28.113429569327728
27.58944997322154
28.042936390781193
31.42680421593136
29.15489575036825
28.334770579792327
28.4201114985723
31.290700582628467
30.28438511352748
27.90693856654508
27.81784664298206
30.077914865052097
29.098742517140774
27.41672866221125
27.348314195657796
28.221306521508495
30.03279974184366
31.894805204855444
29.004273224292316
26.917894272317223
27.158300032398714
28.124747960909065
28.88023724876386
26.899139182192396
26.846656705638622
29.428621975451005
30.57063309076022
27.521206572189495
26.862071845028826
27.94858189067615
30.13049538053067
30.878953014410552
28.523633098725412
27.161254944797992
26.87911540840408
27.34514908944435
28.952765968358296
29.224041617359195
27.158300032398714
27.748875219162727
28.342314785853176
28.721475170556396
27.34514908944435
26.382369369807368
26.632527904010388
29.340626777216585
30.678864385814904
28.081931510555442
27.304191006917147
27.166069700131004
28.16508293960249
28.16508293960249
27.388711658048187
26.68418361011243
31.019295656484722
26.94429725838291
26.382369369807368
25.54120957650987
27.41672866221125
29.539738290366284
27.41672866221125
25.997005563335094
25.5470410201155
27.161254944797992
26.505952854072426
26.382369369807368
26.382369369807368
26.694267601069033
27.41672866221125
26.694267601069033
25.867066794371816
27.055586448877982
27.60916544465239
31.42680421593136
26.21190790107207
26.694267601069033
27.933379026612325
27.60916544465239
27.055586448877982
25.247383223667008
26.8503685368568
27.3012494003023
28.415503493710595
25.867066794371816
25.729121980596723
25.247383223667008
27.41672866221125
27.41672866221125
25.697262407450054
28.16508293960249
27.933379026612325
26.694267601069033
25.5470410201155
25.729121980596723
25.729121980596723
27.055586448877982
25.5470410201155
24.674957778080312
24.048501072679315
25.711187338923164
25.867967859225384
25.247383223667008
24.481545990132833
25.997005563335094
25.729121980596723
24.481545990132833
23.782425583915682
24.904003410320986
25.5470410201155
25.095624375752184
24.28219505827815
24.28219505827815
25.729121980596723
26.382369369807368
24.481545990132833
24.481545990132833
24.674957778080312
26.00115110273588
25.095624375752184
24.481545990132833
24.481545990132833
25.729121980596723
28.12124215885857
26.357451403491446
24.481545990132833
24.481545990132833
25.729121980596723
25.729121980596723
24.481545990132833
24.481545990132833
24.904003410320986
27.41672866221125
26.008823552775794
24.481545990132833
24.058119526678503
24.481545990132833
28.57724193557663
25.729121980596723
24.904003410320986
27.155905485844603
24.481545990132833
24.481545990132833
24.904003410320986
24.904003410320986
28.57724193557663
24.481545990132833
24.481545990132833
24.481545990132833
26.382369369807368
25.5470410201155
24.904003410320986
24.904003410320986
25.997005563335094
26.18713523433376
24.481545990132833
24.481545990132833
25.5470410201155
28.57724193557663
26.21190790107207
24.481545990132833
24.481545990132833
24.481545990132833
25.729121980596723
25.729121980596723
24.481545990132833
24.481545990132833
25.729121980596723
26.899139182192396
25.095624375752184
24.481545990132833
24.481545990132833
25.247383223667008
27.048944106459725
24.481545990132833
25.5470410201155
26.560851663013946
25.723254801685208
24.481545990132833
24.481545990132833
25.711187338923164
28.57724193557663
27.055586448877982
24.481545990132833
24.481545990132833
24.481545990132833
26.19368852849291
24.904003410320986
24.481545990132833
24.481545990132833
26.382369369807368
27.748875219162727
25.095624375752184
24.058119526678503
24.481545990132833
26.21190790107207
26.21190790107207
24.904003410320986
24.481545990132833
24.904003410320986
25.324175004031456
24.904003410320986
24.481545990132833
24.904003410320986
24.904003410320986
26.21190790107207
25.997005563335094
24.058119526678503
24.193866114079405
26.560851663013946
24.481545990132833
24.481545990132833
25.5470410201155
26.560851663013946
24.904003410320986
24.904003410320986
24.481545990132833
27.748875219162727
25.5470410201155
24.481545990132833
24.904003410320986
28.32736444900885
28.57724193557663
24.904003410320986
24.644151100180185
24.481545990132833
24.481545990132833
24.481545990132833
24.481545990132833
24.481545990132833
25.729121980596723
25.5470410201155
24.904003410320986
24.904003410320986
25.324175004031456
26.21190790107207
26.21190790107207
24.904003410320986