19.55797576904297
19.448749542236328
19.144289016723633
19.81171226501465
19.55797576904297
19.52572250366211
18.90115737915039
16.800395965576172
18.401325225830078
19.55797576904297
19.262100219726562
18.43918800354004
18.43918800354004
19.448749542236328
19.209583282470703
17.500099182128906
14.191685676574707
19.448749542236328
19.448749542236328
18.82162857055664
17.80459213256836
19.535879135131836
19.52572250366211
17.691905975341797
18.743677139282227
18.855932235717773
18.768423080444336
17.49295425415039
16.278919219970703
17.691905975341797
18.117769241333008
16.710874557495117
15.945319175720215
17.004405975341797
18.255727767944336
16.710874557495117
17.311866760253906
17.381540298461914
16.710874557495117
14.145064353942871
17.21880531311035
17.768936157226562
17.000123977661133
14.4223051071167
10.12432861328125
16.86886978149414
17.614013671875
17.360271453857422
17.000099182128906
17.792842864990234
17.330244064331055
16.970661163330078
14.849493026733398
16.41681480407715
17.80459213256836
16.970661163330078
16.620868682861328
16.10531997680664
16.340347290039062
17.02948570251465
17.356653213500977
16.2635555267334
17.02948570251465
17.76490020751953
16.985387802124023
16.620868682861328
15.207006454467773
17.35940170288086
17.691905975341797
17.691905975341797
16.294300079345703
16.357011795043945
16.987226486206055
15.917860984802246
15.588589668273926
16.125383377075195
16.633024215698242
15.913930892944336
15.243972778320312
16.26541519165039
17.500099182128906
16.684810638427734
14.538863182067871
16.620868682861328
16.007909774780273
14.500472068786621
15.305328369140625
16.278919219970703
16.650924682617188
15.239850997924805
13.65679931640625
14.390617370605469
16.653085708618164
16.985387802124023
16.985387802124023
14.764923095703125
16.03863525390625
16.324926376342773
15.30564022064209
15.038335800170898
16.710874557495117
17.327821731567383
16.007909774780273
15.620599746704102
14.775375366210938
16.710874557495117
16.985387802124023
16.710874557495117
15.692455291748047
16.507673263549805
16.80080795288086
16.710874557495117
15.53232479095459
15.4435453414917
16.710874557495117
16.729778289794922
16.710874557495117
16.324926376342773
15.041708946228027
17.356653213500977
16.723230361938477
16.40131950378418
15.775561332702637
16.128768920898438
16.412155151367188
16.166345596313477
14.534542083740234
15.59256649017334
16.011865615844727
15.967226028442383
14.593995094299316
15.048613548278809
16.239316940307617
16.287464141845703
15.145293235778809
15.620599746704102
16.507673263549805
16.54580307006836
16.07158851623535
15.16657829284668
14.333642959594727
15.667981147766113
16.789615631103516
16.65259552001953
16.122751235961914
15.730613708496094
16.800395965576172
16.83063316345215
15.457291603088379
14.916534423828125
16.44976806640625
16.821741104125977
16.21690559387207
15.120558738708496
14.776756286621094
15.913396835327148
16.650924682617188
16.811920166015625
16.547571182250977
15.693931579589844
15.55817985534668
16.65259552001953
16.324926376342773
16.007909774780273
15.811488151550293
16.547571182250977
17.10272979736328
16.955087661743164
15.500531196594238
14.86717700958252
16.145538330078125
16.570484161376953
16.648202896118164
16.101341247558594
16.101341247558594
16.52326774597168
16.924903869628906
14.713967323303223
16.77446174621582
17.10272979736328
17.617685317993164
16.507673263549805
15.403021812438965
16.507673263549805
17.33503532409668
17.614013671875
16.650924682617188
17.02948570251465
17.10272979736328
17.10272979736328
16.919023513793945
16.507673263549805
16.919023513793945
17.41472816467285
16.710874557495117
16.40131950378418
14.534542083740234
17.204750061035156
16.919023513793945
16.225080490112305
16.40131950378418
16.710874557495117
17.80459213256836
16.8284912109375
16.572132110595703
15.969630241394043
17.41472816467285
17.500099182128906
17.80459213256836
16.507673263549805
16.507673263549805
17.519929885864258
16.101341247558594
16.225080490112305
16.919023513793945
17.614013671875
17.500099182128906
17.500099182128906
16.710874557495117
17.614013671875
18.179758071899414
18.607892990112305
17.51125717163086
17.414173126220703
17.80459213256836
18.309932708740234
17.33503532409668
17.500099182128906
18.309932708740234
18.795560836791992
18.027854919433594
17.614013671875
17.902612686157227
18.445966720581055
18.445966720581055
17.500099182128906
17.10272979736328
18.309932708740234
18.309932708740234
18.179758071899414
17.332504272460938
17.902612686157227
18.309932708740234
18.309932708740234
17.500099182128906
16.124614715576172
17.117570877075195
18.309932708740234
18.309932708740234
17.500099182128906
17.500099182128906
18.309932708740234
18.309932708740234
18.027854919433594
16.507673263549805
17.327821731567383
18.309932708740234
18.60117530822754
18.309932708740234
15.885658264160156
17.500099182128906
18.027854919433594
16.653949737548828
18.309932708740234
18.309932708740234
18.027854919433594
18.027854919433594
15.885658264160156
18.309932708740234
18.309932708740234
18.309932708740234
17.10272979736328
17.614013671875
18.027854919433594
18.027854919433594
17.33503532409668
17.21967315673828
18.309932708740234
18.309932708740234
17.614013671875
15.885658264160156
17.204750061035156
18.309932708740234
18.309932708740234
18.309932708740234
17.500099182128906
17.500099182128906
18.309932708740234
18.309932708740234
17.500099182128906
16.800395965576172
17.902612686157227
18.309932708740234
18.309932708740234
17.80459213256836
16.714656829833984
18.309932708740234
17.614013671875
16.997140884399414
17.503747940063477
18.309932708740234
18.309932708740234
17.51125717163086
15.885658264160156
16.710874557495117
18.309932708740234
18.309932708740234
18.309932708740234
17.215723037719727
18.027854919433594
18.309932708740234
18.309932708740234
17.10272979736328
16.324926376342773
17.902612686157227
18.60117530822754
18.309932708740234
17.204750061035156
17.204750061035156
18.027854919433594
18.309932708740234
18.027854919433594
17.755380630493164
18.027854919433594
18.309932708740234
18.027854919433594
18.027854919433594
17.204750061035156
17.33503532409668
18.60117530822754
18.506855010986328
16.997140884399414
18.309932708740234
18.309932708740234
17.614013671875
16.997140884399414
18.027854919433594
18.027854919433594
18.309932708740234
16.324926376342773
17.614013671875
18.309932708740234
18.027854919433594
16.015750885009766
15.885658264160156
18.027854919433594
18.200374603271484
18.309932708740234
18.309932708740234
18.309932708740234
18.309932708740234
18.309932708740234
17.500099182128906
17.614013671875
18.027854919433594
18.027854919433594
17.755380630493164
17.204750061035156
17.204750061035156
18.027854919433594