15.19442081451416
15.19442081451416
15.19442081451416
14.916534423828125
14.762372016906738
14.905433654785156
15.19442081451416
15.17340087890625
14.916534423828125
14.762372016906738
15.194418907165527
14.916534423828125
14.318851470947266
15.134132385253906
14.916534423828125
14.916534423828125
14.916534423828125
14.752418518066406
15.17340087890625
14.916534423828125
14.916534423828125
14.423425674438477
12.54938793182373
14.905433654785156
14.752418518066406
13.038504600524902
14.4223051071167
15.138290405273438
15.305328369140625
14.917963027954102
14.705541610717773
15.087303161621094
15.251888275146484
14.916534423828125
13.038504600524902
15.087303161621094
14.917963027954102
12.747649192810059
14.713971138000488
15.166569709777832
15.547113418579102
15.227191925048828
14.916534423828125
15.138290405273438
15.620635986328125
15.620635986328125
14.4223051071167
14.4223051071167
15.396722793579102
14.916534423828125
14.4223051071167
14.60244369506836
15.087303161621094
15.134132385253906
14.916534423828125
13.416507720947266
15.134132385253906
15.822117805480957
15.620635986328125
14.916534423828125
15.140434265136719
15.251888275146484
15.418171882629395
14.916534423828125
14.916534423828125
15.087303161621094
15.251888275146484
15.134132385253906
14.916534423828125
14.4223051071167
14.4223051071167
15.418171882629395
14.916534423828125
14.916534423828125
15.322163581848145
15.272186279296875
14.916534423828125
14.916534423828125
15.533143043518066
15.533143043518066
15.533224105834961
15.227191925048828
15.533143043518066
15.533143043518066
15.541932106018066
15.227191925048828
15.227191925048828
15.537055969238281
15.537055969238281
15.533143043518066
15.227191925048828
15.227191925048828
15.537055969238281
15.537055969238281
15.541932106018066
15.305328369140625
15.305328369140625
15.138290405273438
15.533143043518066
15.227191925048828
14.916534423828125
15.570672035217285
15.855457305908203
15.533143043518066
14.705541610717773
14.705541610717773
15.533143043518066
15.533143043518066
15.305328369140625
15.138290405273438
15.706823348999023
15.533143043518066
14.705541610717773
15.023229598999023
15.530876159667969
15.811174392700195
15.633941650390625
15.255461692810059
15.444258689880371
15.737086296081543
15.706823348999023
15.432242393493652
15.123376846313477
15.78311538696289
15.749871253967285
15.81455135345459
15.31544017791748
15.783157348632812
16.239307403564453
16.239307403564453
16.101341247558594
15.783157348632812
15.941194534301758
16.60093879699707
16.69658660888672
16.324926376342773
16.543209075927734
16.652599334716797
16.985387802124023
16.625030517578125
16.625030517578125
17.47705078125
17.321762084960938
16.744855880737305
16.710874557495117
17.20486068725586
17.443933486938477
17.405338287353516
17.41637420654297
17.73185157775879
17.73185157775879
17.963796615600586
17.71025276184082
17.776927947998047
18.095714569091797
18.38526725769043
18.143627166748047
17.697948455810547
17.382505416870117
18.365734100341797
18.365734100341797
18.1667537689209
17.780776977539062
18.585800170898438
18.636335372924805
18.636335372924805
18.26671028137207
18.125736236572266
18.170385360717773
18.78440284729004
18.917287826538086
18.74124526977539
18.499820709228516
18.9639835357666
18.65019416809082
18.494998931884766
18.51664161682129
19.014896392822266
19.35002326965332
18.772239685058594
18.79014778137207
18.485149383544922
18.949907302856445
19.567689895629883
19.567689895629883
19.16512680053711
19.16512680053711
19.36006736755371
19.15583610534668
19.18203353881836
18.591594696044922
19.75727653503418
19.989980697631836
20.005373001098633
19.989980697631836
19.989980697631836
19.73171043395996
20.011043548583984
20.24855613708496
20.24855613708496
20.423234939575195
20.8468017578125
20.8468017578125
20.527633666992188
20.599300384521484
21.037517547607422
21.34195327758789
21.34195327758789
21.040678024291992
21.250099182128906
21.272146224975586
21.5007266998291
21.708393096923828
21.914705276489258
21.914705276489258
21.914705276489258
21.94350242614746
21.95459747314453
22.36077880859375
22.36077880859375
22.8090877532959
22.36077880859375
22.8090877532959
23.259506225585938
23.048959732055664
23.048959732055664
23.048959732055664
23.505416870117188
23.505416870117188
23.505416870117188
23.71196937561035
23.71832275390625
23.53082847595215
23.769826889038086
23.769826889038086
23.56255340576172
24.052125930786133
24.056076049804688
24.238431930541992
24.523881912231445
24.70273208618164
25.168432235717773
25.01797103881836
25.00926399230957
25.08043670654297
24.868083953857422
25.25552749633789
25.25552749633789
25.79014778137207
25.813915252685547
25.813915252685547
25.813915252685547
25.8137264251709
26.172996520996094
26.172996520996094
26.595693588256836
26.45578956604004
26.193201065063477
26.44474983215332
26.23299217224121
26.478660583496094
26.44474983215332
26.44474983215332
26.44474983215332
26.44474983215332
26.856197357177734
27.06608772277832
27.06608772277832
27.06608772277832
27.060216903686523
27.060216903686523
27.753124237060547
27.95094871520996
27.95094871520996
28.178104400634766
27.95094871520996
28.178104400634766
28.178104400634766
28.178104400634766
27.951297760009766
27.97330093383789
28.6357421875
29.09047508239746
29.34716033935547
29.546672821044922
29.56692886352539
29.618505477905273
30.083316802978516
30.024389266967773
30.203575134277344
30.675823211669922
30.675823211669922
30.842456817626953
30.842439651489258
31.016223907470703
31.01957893371582
31.01957893371582
31.01957893371582
31.209362030029297
31.131258010864258
31.131258010864258
31.007028579711914
31.503992080688477
31.503992080688477
32.14442825317383
32.14442825317383
31.503992080688477
31.633825302124023
32.49049377441406
32.57455825805664
32.350807189941406
32.3344841003418
32.6918830871582
32.6918830871582
32.76291275024414
32.92852783203125
33.777992248535156
33.38713073730469
33.41713333129883
34.02497482299805
34.02497482299805
34.0319709777832
34.29747009277344
34.296810150146484
34.663394927978516
34.99714279174805
35.29167556762695
35.4683952331543
35.4683952331543
35.542022705078125
35.542022705078125
36.211334228515625
36.42070388793945
36.54117202758789
36.85600280761719
36.732330322265625
36.74782180786133
36.621742248535156
36.78144454956055
36.97605514526367
36.98996353149414
36.800418853759766
36.8224983215332
36.78144454956055
37.1652717590332
37.69042205810547
37.83226776123047
38.108428955078125
38.207740783691406
38.76544952392578
39.06039810180664
39.06290817260742
39.31633758544922
39.676177978515625
40.374935150146484
40.72720718383789
40.43107604980469
40.75028991699219
40.67257308959961
40.80182647705078