90
90
90
90
90
90
90
90
90
90
90
90
90
90
90
90
90
90
90
90
90
90
90
90
82
82
82
82
82
86
86
86
86
74
74
90
90
90
90
99
99
99
99
90
90
90
90
90
90
90
90
37
37
37
37
37
90
90
90
90
90
90
90
90
90
90
90
90
90
90
90
90
90
90
90
90
90
90
69
69
69
69
90
90
90
90
128
128
128
128
128
90
90
90
90
90
90
90
90
90
90
90
90
90
31
31
31
90
90
90
90
90
50
50
50
50
90
90
90
90
179
179
179
179
21
21
21
21
28
28
28
28
90
90
90
90
90
140
140
140
140
140
90
90
90
90
90
90
90
90
90
90
90
90
90
90
90
90
90
90
90
90
90
90
90
90
90
90
90
90
90
90
90
90
90
90
90
50
50
50
50
90
90
90
90
90
90
90
90
90
41
41
41
41
90
90
90
90
90
90
90
90
90
90
90
90
90
90
90
90
90
90
90
90
119
119
119
119
90
90
90
90
90
90
90
90
90
90
90
90
90
90
90
90
90
90
90
90
90
90
90
90
90
90
90
90
90
90
90
90
90
90
90
90
90
90
90
90
90
90
90
90
90
90
90
90
90
90
90
90
90
90
90
90
90
90
90
90
90
90
90
90
90
90
90
90
90
90
90
90
90
90
90
90
90
90
90
90
90
90
90
90
90
90
90
90
90
90
90
90
90
90
90
90
90
90
90
90
90
90
90
90
90
90
90
90
90
90
90
90
90
90
90
90
90
90
90
90
90
90
90
90
90
90
90
90
90
90
90
90
90
90
90
90
90
90
90
90
90
90