-0.5923226761893374
-0.5923226761893374
-0.5923226761893374
-0.6033573043362623
-0.6457957957084962
-0.603806652556579
-0.5923226761893374
-0.6214898572411213
-0.6033573043362623
-0.6457957957084962
-0.592322750543339
-0.6033573043362623
-0.5984940860789413
-0.5890199988808572
-0.6033573043362623
-0.6033573043362623
-0.6033573043362623
-0.6465231955044116
-0.6214898572411213
-0.6033573043362623
-0.6033573043362623
-0.7071816307501597
-1.4608954321483865
-0.603806652556579
-0.6465231955044116
-1.7256580174918372
-0.7280389592381294
-0.529968158548054
-0.5880305069537909
-0.6297718195253506
-0.7140165440997652
-0.545849529942256
-0.6790390954309087
-0.6033573043362623
-1.7256580174918372
-0.545849529942256
-0.6297718195253506
-1.41202505087388
-0.7722887133129734
-0.6160471967423619
-0.4954216973892689
-0.6763525570575268
-0.6033573043362623
-0.529968158548054
-0.6773307779321178
-0.6773307779321178
-0.7280389592381294
-0.7280389592381294
-0.7679668675053272
-0.6033573043362623
-0.7280389592381294
-0.7024900840999984
-0.545849529942256
-0.5890199988808572
-0.6033573043362623
-1.4534333677276199
-0.5890199988808572
-0.762823831409574
-0.6773307779321178
-0.6033573043362623
-0.5944347330065655
-0.6790390954309087
-0.767712008164717
-0.6033573043362623
-0.6033573043362623
-0.545849529942256
-0.6790390954309087
-0.5890199988808572
-0.6033573043362623
-0.7280389592381294
-0.7280389592381294
-0.767712008164717
-0.6033573043362623
-0.6033573043362623
-0.5873844089918291
-0.6831781695671201
-0.6033573043362623
-0.6033573043362623
-0.41204834500380993
-0.41204834500380993
-0.41326625149207075
-0.6763525570575268
-0.41204834500380993
-0.41204834500380993
-0.47432146131867925
-0.6763525570575268
-0.6763525570575268
-0.4481512890178264
-0.4481512890178264
-0.41204834500380993
-0.6763525570575268
-0.6763525570575268
-0.4481512890178264
-0.4481512890178264
-0.47432146131867925
-0.5880305069537909
-0.5880305069537909
-0.529968158548054
-0.41204834500380993
-0.6763525570575268
-0.6033573043362623
-0.5614521634151165
-0.46737607643898715
-0.41204834500380993
-0.7140165440997652
-0.7140165440997652
-0.41204834500380993
-0.41204834500380993
-0.5880305069537909
-0.529968158548054
-0.39686315521295407
-0.41204834500380993
-0.7140165440997652
-0.5990722527864221
-0.5458840682372279
-0.565216525894044
-0.5764259905952258
-0.5859077645118989
-0.5923292746867621
-0.4801794451678453
-0.39686315521295407
-0.4413559142297381
-0.5435637888991115
-0.4971237107696071
-0.4761943687705257
-0.3330929430983107
-0.6179138788658582
-0.4249563742005965
-0.38158653542358223
-0.38158653542358223
-0.3726397638401562
-0.4249563742005965
-0.3836225828949492
-0.27337699842353913
-0.2910765814238812
-0.3675361138960409
-0.38514973241192674
-0.35400637607868646
-0.353244804881623
-0.3852284179165848
-0.3852284179165848
-0.2574805129494594
-0.25978881235800944
-0.38530118085773224
-0.44880954459897615
-0.3851658181732718
-0.4004397721538503
-0.3849400739254455
-0.38492482255336546
-0.384396139791797
-0.384396139791797
-0.32038723310593326
-0.3387868078838393
-0.42189516782311165
-0.38358549675431514
-0.3899238264685515
-0.3712215713116424
-0.357857495272568
-0.43451522526238445
-0.43035791916322197
-0.43035791916322197
-0.4128420572766699
-0.421803839588906
-0.42187565422782025
-0.38207447962077234
-0.38207447962077234
-0.3831422665324704
-0.3418149813334714
-0.33225329514518165
-0.3816118232771353
-0.3171702019347039
-0.2151834810565236
-0.2708304593950409
-0.193639704909858
-0.2557190972086218
-0.26454261890584285
-0.30104903630006963
-0.23665656162600274
-0.21544437966147806
-0.2744864388146384
-0.21173900407950141
-0.24520184713639998
-0.15702940924544215
-0.22997093801067442
-0.22997093801067442
-0.13398903627630687
-0.13398903627630687
-0.13448416201727426
-0.10894562725432944
-0.17031632976729433
-0.23422242968601725
-0.0759213952054655
-0.07503759121576847
-0.12506176958037302
-0.07503759121576847
-0.07503759121576847
-0.1520395309895053
-0.1390147309024882
-0.07407935607086423
-0.07407935607086423
-0.09792842635881967
-0.07195348319738606
-0.07195348319738606
-0.18973179939924134
-0.14563601403930346
-0.14260237659747965
-0.21085230304227331
-0.21085230304227331
-0.15598925791209164
-0.2117637174975846
-0.2820589862698204
-0.3488254190059359
-0.2763907937916522
-0.20534157056758287
-0.20534157056758287
-0.20534157056758287
-0.34178682392393034
-0.3416140974196501
-0.20124522667656589
-0.20124522667656589
-0.19728978417165122
-0.33540871112760984
-0.328816306952752
-0.32244880554471295
-0.26031543591337947
-0.3904731538700692
-0.3904731538700692
-0.38289046519493314
-0.38289046519493314
-0.38289046519493314
-0.43693977292772845
-0.37945347541565766
-0.3824769709743858
-0.4417364942965688
-0.4417364942965688
-0.44562233214641545
-0.49891639660177783
-0.44799082039835364
-0.37611760037186265
-0.3202513195137777
-0.3720187847656915
-0.3680470936054219
-0.34652336554335406
-0.36938826608212577
-0.23923028415349418
-0.2412731117979561
-0.2969646942075361
-0.2969646942075361
-0.4199207704194775
-0.3627594830945581
-0.3627594830945581
-0.3627594830945581
-0.23243447695910402
-0.35992335916109003
-0.35992335916109003
-0.4656623447706483
-0.38139547425019216
-0.09160271324504483
-0.17016610210199812
-0.17153971496860868
-0.3575664342676261
-0.17016610210199812
-0.17016610210199812
-0.17016610210199812
-0.17016610210199812
-0.055853030123756586
-0.05541990461878345
-0.05541990461878345
-0.05541990461878345
0.0
0.0
-0.054047969057009905
0.0
0.0
-0.05323282143727914
0.0
-0.05323282143727914
-0.05323282143727914
-0.05323282143727914
-0.09391334966048041
0.0
-0.05238208914503974
-0.051563269274610246
-0.1022245411586519
-0.15230141231992894
-0.15219707196412033
-0.15193204138395494
-0.14958456972917494
-0.11745059707738059
-0.14898898491301626
-0.1466953297047323
-0.1466953297047323
-0.19154636918356027
-0.19453713998627487
-0.2418089327177419
-0.20053774188131446
-0.20053774188131446
-0.20053774188131446
-0.210054896828114
-0.09636616673033428
-0.09636616673033428
-0.09675225706609365
-0.1496406919710495
-0.1496406919710495
-0.17864279806879962
-0.17864279806879962
-0.1496406919710495
-0.16221802102894534
0.0923347001381207
0.0
-0.13423107173220666
-0.1577430505866304
-0.09176589773069509
-0.09176589773069509
-0.04578347509681728
-0.09521993471745188
-0.16172296333539551
-0.03246713182779806
0.044887153698342064
-0.06541619246852073
-0.06541619246852073
-0.04040273606570001
0.021166791756442864
0.01045346509611095
-0.05502002299819265
-0.039073973127732704
-0.04559649293665968
-0.04229117190500533
-0.04229117190500533
-0.029071619494762765
-0.029071619494762765
-0.023202112301560884
-0.02785617842802108
0.0
0.0
0.0029011876425357975
-0.04081874587949347
-0.02667077770497814
0.0
0.0
0.0
-0.04676102199137577
-0.040735964922913016
0.0
-0.04036025916144196
-0.0057568997273164686
0.01355663956508403
0.0
0.0
-0.038783995087644026
-0.061584173132753536
-0.012836584617719325
-0.03988806332909719
-0.023020762105331168
0.03602591711847085
0.029542561799663986
0.004779047821047813
0.05047047286182825
0.0
0.036763060125352076