29.973969867840875
29.973969867840875
29.973969867840875
30.57063309076022
30.911001990973457
30.594914532073094
29.973969867840875
30.018364673484985
30.57063309076022
30.911001990973457
29.973973890845034
30.57063309076022
31.929765408217232
30.101620016335794
30.57063309076022
30.57063309076022
30.57063309076022
30.93321435121773
30.018364673484985
30.57063309076022
30.57063309076022
31.684092164873825
36.688553432478045
30.594914532073094
30.93321435121773
35.24737574674674
31.68670637915874
30.092784621241716
29.741678696346384
30.567510748416773
31.038216615215205
30.201452386093017
29.853199681857582
30.57063309076022
35.24737574674674
30.201452386093017
30.567510748416773
36.0913700767364
31.01928709486885
30.032817909597746
29.246357085734758
29.904992241023354
30.57063309076022
30.092784621241716
29.098670051449158
29.098670051449158
31.68670637915874
31.68670637915874
29.552684327554232
30.57063309076022
31.68670637915874
31.27144659821692
30.201452386093017
30.101620016335794
30.57063309076022
34.20384318427978
30.101620016335794
28.700724585666237
29.098670051449158
30.57063309076022
30.08823095500829
29.853199681857582
29.50864293384683
30.57063309076022
30.57063309076022
30.201452386093017
29.853199681857582
30.101620016335794
30.57063309076022
31.68670637915874
31.68670637915874
29.50864293384683
30.57063309076022
30.57063309076022
29.706701774577198
29.810752268143126
30.57063309076022
30.57063309076022
29.274572101224408
29.274572101224408
29.274408244106752
29.904992241023354
29.274572101224408
29.274572101224408
29.256815727216757
29.904992241023354
29.904992241023354
29.26666450170043
29.26666450170043
29.274572101224408
29.904992241023354
29.904992241023354
29.26666450170043
29.26666450170043
29.256815727216757
29.741678696346384
29.741678696346384
30.092784621241716
29.274572101224408
29.904992241023354
30.57063309076022
29.19888786529677
28.635814851455105
29.274572101224408
31.038216615215205
31.038216615215205
29.274572101224408
29.274572101224408
29.741678696346384
30.092784621241716
28.927238902762685
29.274572101224408
31.038216615215205
30.339020797226777
29.279154984933704
28.722088080064673
29.07208557268129
29.845719004556276
29.455237904450684
28.867473294350482
28.927238902762685
29.47981609364482
30.124496272510633
28.776994522117757
28.84229101166994
28.71549261492255
29.720661454011886
28.776912270379135
27.906956263637753
27.906956263637753
28.16508293960249
28.776912270379135
28.470090011038778
27.249919559937776
27.080704628935475
27.748875219162727
27.35295889068418
27.158293286673217
26.58084965527078
27.207122070159866
27.207122070159866
25.766237613456102
26.018758296332106
26.996012260244804
27.055586448877982
26.21172410816948
25.81973119249832
25.88231796043489
25.864394886265035
25.361034063073074
25.361034063073074
25.001695581938158
25.39495138459956
25.29050184718707
24.801230743245853
24.370801612991187
24.72910736043869
25.414308463184852
25.91946897357306
24.399433327957993
24.399433327957993
24.694423850502563
25.284494935154296
24.08015858704206
24.00784964532057
24.00784964532057
24.54547535267831
24.75599643738965
24.688985078913166
23.79810481367276
23.612510073386243
23.858916039619658
24.20404244577269
23.547875579053954
23.988084395630523
24.211022213232074
24.17972027806631
23.47774537865401
23.024813535859234
23.815216581430285
23.7900298226384
24.22529065023821
23.56732772300475
22.738463654945683
22.738463654945683
23.272859255608537
23.272859255608537
23.011466794289614
23.285442103381737
23.249991101954777
24.071848536556406
22.49388942206993
22.199647363084026
22.180410940983393
22.199647363084026
22.199647363084026
22.526613211876825
22.17333120271587
21.880130156098478
21.880130156098478
21.668567892815126
21.169318116639563
21.169318116639563
21.543731513020905
21.45871858146283
20.950643003912234
20.609105823416765
20.609105823416765
20.947050243920987
20.71119751589615
20.68661866214825
20.43454333452239
20.20979471938697
19.990411434009186
19.990411434009186
19.990411434009186
19.960092633111632
19.94843089135995
19.52884636163664
19.52884636163664
19.081702142261786
19.52884636163664
19.081702142261786
18.648357017992584
18.84899871306952
18.84899871306952
18.84899871306952
18.41816200210659
18.41816200210659
18.41816200210659
18.22816451351782
18.22236795130309
18.394623827245066
18.17548135562581
18.17548135562581
18.365302485445252
17.92172248278299
17.91820993149372
17.757179765655945
17.50944898615655
17.356856886100083
16.968658633531664
17.09266660640143
17.099883610338633
17.0410220214416
17.217533803377897
16.897478687593544
16.897478687593544
16.469937137352982
16.451295140305973
16.451295140305973
16.451295140305973
16.451443127255807
16.173295581503403
16.173295581503403
15.854534301180296
15.959046777900001
16.157853281945513
15.9673350821362
16.127502280555078
15.941895204437856
15.9673350821362
15.9673350821362
15.9673350821362
15.9673350821362
15.662474055337151
15.51008090505796
15.51008090505796
15.51008090505796
15.514315455219963
15.514315455219963
15.025293087315305
14.889530303758598
14.889530303758598
14.73566150429146
14.889530303758598
14.73566150429146
14.73566150429146
14.73566150429146
14.889292223758057
14.87429438716442
14.43202730813584
14.138389862095295
13.97604164641669
13.851494764152466
13.83892868220601
13.806997509044201
13.523363523532336
13.558916868833293
13.451164197692536
13.172175945822017
13.172175945822017
13.075414127038306
13.075424051055416
12.975416916435728
12.973495211993194
12.973495211993194
12.973495211993194
12.8653387401523
12.90971991329826
12.90971991329826
12.980685588747587
12.69952916040195
12.69952916040195
12.347579659442616
12.347579659442616
12.69952916040195
12.62725587556086
12.162020513681478
12.117416999123737
12.236541122089642
12.24528248371367
12.055468399980818
12.055468399980818
12.018133729069119
11.93157400267421
11.498009539734133
11.695385204765957
11.680108746515128
11.375083499801926
11.375083499801926
11.371621232384655
11.2410227023128
11.241345430919093
11.063500637383164
10.904010380153473
10.76511563796539
10.682591366252248
10.682591366252248
10.648385474385845
10.648385474385845
10.342053210148327
10.247881959485772
10.194042354202484
10.05450246799554
10.109118126454463
10.102262864996
10.158172634427334
10.087398011627611
10.001727772563644
9.995628971089511
10.079017666532986
10.069273415951683
10.087398011627611
9.919025938555487
9.692468563956746
9.632001853086328
9.515137095165391
9.473383038088828
9.241491600534108
9.120570301787938
9.11954617537532
9.016565502947124
8.871742386459944
8.594974238447902
8.457555548362167
8.572982111945743
8.44859846765453
8.478778807085705
8.428620733900136