30.736719377439677
31.038216615215205
32.958064037600536
31.038216615215205
30.672919878794367
30.736719377439677
43.59379530803218
30.736719377439677
29.64027937636836
29.914423763134
36.747744344363134
30.724194333064638
30.568081814561843
32.33127926916914
33.713552285318606
31.038216615215205
31.038216615215205
29.878423715283745
35.1903926772268
57.3024763224186
0
36.857599322833245
29.876507882120208
33.36617729362429
40.78833175160889
29.609908174725767
30.388959552058
51.646213205795
30.388959552058
29.478258380398312
28.95274895954137
31.093710355071046
29.741678696346384
29.539738290366284
28.334181453243968
28.857471556898524
29.098742517140774
28.324089692159568
27.83362130217465
28.304215767660597
29.054060319094265
27.748875219162727
27.60916544465239
27.103591892342468
27.404081148562923
27.404081148562923
26.89841625190848
26.21172410816948
26.504346902621993
27.166069700131004
26.813030347312125
26.044343316126483
25.945362960533632
26.58015145450242
28.583394692519324
25.537666401408018
24.891983435305832
25.213344846161956
25.955744420504868
24.44362200622629
24.44362200622629
25.955744420504868
26.45858296429868
25.026738905220075
24.44362200622629
24.846194879029653
25.40154989816497
25.591514792835298
24.311499456541576
24.47198168424968
24.846194879029653
24.47198168424968
23.482222170996554
23.931077377232484
24.85145664385429
25.405408408104048
23.988084395630523
23.410701543890287
23.457494720886285
23.858183453573027
24.70362647058302
23.44605087993312
23.3413188289772
23.077801710772263
26.283081427177788
22.46961288515771
22.764323365176057
23.990936208799322
23.938716775490636
22.39816860350887
21.78111532346956
21.958597685647682
23.173990524878924
23.529476512867802
22.658278905306997
21.485246408250774
21.485246408250774
21.509342127433257
21.772240585163793
21.45235369022685
21.64230923072349
21.74431298877011
21.103556388533658
21.046398331485893
21.041994716166446
21.103556388533658
20.344783937584907
20.20979471938697
20.382516568770544
20.31235008535657
19.89567715699114
19.54551499095296
19.82923200259235
19.599121730271577
18.489182877311578
18.805881016164303
18.86435960142633
18.790960585958015
18.40074817435054
18.632351324009434
18.76905220876002
18.365302485445252
18.019570218510793
17.901370611540667
18.192174303813356
17.870399886062717
17.467547653378805
17.283583834064977
17.283583834064977
17.159676421850897
16.948613213750622
16.658303348105196
16.494344351797153
16.494344351797153
16.33613928738853
16.451798901703857
16.088072269304046
16.11748022596488
16.11446851425636
15.957854437883151
15.787394954996333
15.386158163669023
14.91140602516975
14.655792379238786
14.655792379238786
14.656164337811123
14.656164337811123
14.376272978311203
14.359968656990926
14.595465502562186
14.341405357695155
14.341405357695155
14.341405357695155
14.341405357695155
14.486635165930158
13.934866279660207
13.934866279660207
14.235061187627302
14.235061187627302
14.001937579540092
13.896453057201533
13.851494764152466
13.711503571738493
13.711503571738493
13.753478645314978
13.528952093670114
13.493323039562053
13.493323039562053
13.531860706971322
13.148515359466133
13.049997521944862
13.148586405443394
12.824128422515457
13.005004089022918
12.84422128699313
12.734826706111095
12.738279262020686
12.277439886433191
12.327274860460797
12.327274860460797
12.397773843713708
12.063640044846949
12.194112509962052
12.236147016512001
12.005098602917872
11.989331557087526
11.99304152400197
11.55117695126536
11.55117695126536
11.495191909645037
11.398965586394267
11.296981488538416
11.155442669964991
11.178114837189815
11.126950635948345
10.82059772095514
10.853858765383915
10.854759807176654
10.684925610817174
10.684925610817174
10.585941172350104
10.499579187379762
10.609114169484265
10.603428419226123
10.53100018090947
10.463326410372092
10.386203691919482
10.41060237375761
10.41060237375761
10.264952038790534
10.382001953066476
10.152262984210441
10.152262984210441
10.264952038790534
10.264952038790534
10.240592688781767
10.079147352737733
10.117087505626689
9.949360317157517
9.977490086309249
9.949360317157517
9.790467891978267
9.830456527408062
9.81885393465166
9.820890452531835
9.869231388234839
9.78700037300322
9.829445651950133
9.66794223970301
9.865320749433145
9.66794223970301
9.474423796063412
9.55149317571789
9.474423796063412
9.309510757071962
9.290339339291432
9.19487148329395
9.15300523990238
9.15300523990238
9.15300523990238
9.055725660302619
9.105492217641263
9.055725660302619
9.055725660302619
9.001570688492338
9.001570688492338
9.001570688492338
9.001570688492338
9.035397768276644
9.013695727913289
8.936689487641013
8.889593522383473
8.958636048064408
8.816422711810809
8.816422711810809
8.816422711810809
8.646307882819718
8.459005266604722
8.459005266604722
8.552274504747723
8.56154647164383
8.552274504747723
8.479199983261774
8.275122067755447
8.275122067755447
8.384468794745716
8.20587574072132
8.20587574072132
8.20587574072132
8.272574283863008
8.15061140720162
8.101756096016938
8.036128058577967
7.992600530328238
7.950132895305559
7.903822982707722
7.9888013544965
7.940358984598429
7.940358984598429
7.888081438061466
7.888081438061466
7.83200665918533
7.691070920025857
7.60320097798973
7.530159905754393
7.370168336507813
7.382836529616393
7.1907038870394
7.170724970660979
7.123899364547909
7.095078555035317
7.1144306915115445
6.969449793911782
6.865140948397361
6.82336878940188
6.778511796599193
6.728816162570383
6.675665674275755
6.5407745372167305
6.5101413814089755
6.408083409401388
6.394753412717089
6.270877469932781
6.270877469932781
6.227654226572608
6.16906562862546
6.11132941373646
5.944167491577519
5.8380941237198005
5.641838099749385
5.469383803730297
5.349880505006343
5.205193536385815
5.131959223419809
4.915904126997561
4.899370979107299
4.871140284031633
4.736315118883758
4.467701910244927
4.328200886651836
4.3398563346046455
4.3398563346046455
4.258183896542089
4.125558604187466
3.8296238026986478
3.7530646730718655
3.6113867674972195
3.3349488202835436
3.158735661711613
3.0284351961453653
2.9767111120621754
2.6846120781126634
2.3700080612342327
2.279430626609317
2.1483449754722064
1.9276246229906164
1.4545294942245766
0.7428283674784312
0.0
0.0
0.0
0.0
0.0
0.0
0.0
0.0
0.0
0.0
0.0
0.0
0.0
0.0
0.0
0.0
0.0
0.0
0.0
0.0
0.0
0.0