25.156942035810328
25.156942035810328
25.156942035810328
25.122620034143463
25.294030349851855
25.472835197681622
25.156942035810328
25.156942035810328
25.472835197681622
25.163448429829582
25.123594239629984
25.156942035810328
25.50431769291734
25.472835197681622
25.112105132739863
25.156942035810328
25.122620034143463
25.1563490808323
24.616132433990636
25.156942035810328
25.156942035810328
25.50431769291734
25.123594239629984
25.112105132739863
25.122620034143463
25.294030349851855
25.156942035810328
25.156942035810328
25.63570887912582
25.472835197681622
25.112105132739863
25.122620034143463
25.294030349851855
25.1563490808323
25.156942035810328
25.156942035810328
25.294030349851855
25.163448429829582
25.122620034143463
25.1563490808323
24.904003410320986
25.09705508134717
24.850347528021686
24.904003410320986
24.619090702784536
23.584541079422145
24.058119526678503
23.48904236307427
22.705584682391308
21.192457614831707
22.18699873487765
21.057199665281768
21.192457614831707
20.20979471938697
20.54387028380678
19.782832465109774
19.08588372517866
18.35202370907843
18.1804871331187
18.53721627072081
17.50859071918343
16.33345228387272
16.34942084421906
15.415427527292836
13.480946789559
12.053000223723634
10.133139046673802
10.049133840152306
13.052171534461447
12.156914795805896
14.033728067512328
12.947770045943374
18.48252785956814
20.8252065753724
0
0
0
0
0
0
0
0
0
0
0
0
0
0
0
0
0
0
0
0
0
0
0
0
0
0
0
0
0
0
0
0
0
0
0
0
0
0
0
0
0
0
0
0
0
0
0
0
0
0
0
0
0
0
0
0
0
0
0
0
0
0
0
0
0
0
0
0
0
0
0
0
0
0
0
0
0
0
0
0
0
0
0
0
0
0
0
0
0
0
0
0
0
0
0
0
0
0
0
0
0
0
0
0
0
0
0
0
0
0
0
0
0
0
0
0
0
0
0
0
0
0
0
0
0
0
0
0
0
0
0
0
0
0
0
0
0
0
0
0
0
0
0
0
0
0
0
0
0
0
0
0
0
0
0
0
0
0
0
0
0
0
0
0
0
0
0
0
0
0
0
0
0
0
0
0
0
0
0
0
0
0
0
0
0
0
0
0
0
0
0
0
0
0
0
0
0
0
0
0
0
0
0
0
0
0
0
0
0
0
0
0
0
0
0
0
0
0
0
0
0
0
0
0
0
0
0
0
0
0
0
0
0
0
0
0
0
0
0
0
0
0
0
0
0
0
0
0
0
0
0
0
0
0
0
0
0
0
0
0
0
0
0
0
0
0
0
0
0
0
0
0
0
0
0
0
0
0
0
0
0
0
0
0
0
0