0
0
0
0
0
0
0
0
0
0
0
0
0
0
0
0
0
0
0
0
0
0
0
0
0
0
0
0
0
0
0
0
0
0
0
83.08476399485428
83.21023591571607
85.60700685183288
88.53259171547106
89.26918708920384
89.81705101223861
89.82594309597428
90.14497463763962
90.14001446903399
90.9048848198906
91.12775488871804
91.11797610517287
91.11797610517287
91.11797610517287
91.11314996992927
91.10836531781622
91.10836531781622
91.10836531781622
91.10362172444422
91.10362172444422
91.10362172444422
91.10362172444422
91.10362172444422
91.10362172444422
91.0989184492506
91.0989184492506
91.0989184492506
91.08963123642607
91.06708553829786
91.03289078619227
91.01261000453101
91.00864899942279
91.00471885876595
91.00081931215841
90.99694982734152
90.99694982734152
90.99694982734152
90.99694982734152
90.99311014561054
90.99311014561054
90.99311014561054
90.99311014561054
90.99311014561054
90.99311014561054
90.99311014561054
90.99311014561054
90.99311014561054
90.99311014561054
90.99311014561054
90.99311014561054
90.99311014561054
90.98930001087561
90.98930001087561
90.98930001087561
90.98930001087561
90.98930001087561
90.98930001087561
90.98930001087561
90.98930001087561
90.98930001087561
90.98930001087561
90.98930001087561
90.98930001087561
90.98930001087561
90.98930001087561
90.98930001087561
90.98930001087561
90.98930001087561
90.98930001087561
90.98930001087561
90.98930001087561
90.98930001087561
90.98930001087561
90.98930001087561
90.98930001087561
90.98930001087561
90.98930001087561
90.98930001087561
90.98930001087561
90.98930001087561
90.98930001087561
90.98930001087561
90.98930001087561
90.98930001087561
90.98930001087561
90.98930001087561
90.98930001087561
90.98930001087561
90.98930001087561
90.98930001087561
90.98930001087561
90.98930001087561
90.98930001087561
90.98930001087561
90.98930001087561
90.98930001087561
90.98930001087561
90.98930001087561
90.98930001087561
90.98930001087561
90.98930001087561
90.98930001087561
90.98930001087561
90.98930001087561
90.98930001087561
90.98930001087561
90.98930001087561
90.98930001087561
90.98930001087561
90.98930001087561
90.98930001087561
90.98930001087561
90.98930001087561
90.98930001087561
90.98930001087561
90.98930001087561
90.98930001087561
90.98930001087561
90.98930001087561
90.98930001087561
90.98930001087561
90.98930001087561
90.98930001087561
90.98930001087561
90.98930001087561
90.98930001087561
90.98930001087561
90.98930001087561
90.98930001087561
90.98930001087561
90.98930001087561
90.98930001087561
90.98930001087561
90.98930001087561
90.98930001087561
90.98930001087561
90.98930001087561
90.98930001087561
90.98930001087561
90.98930001087561
90.98930001087561
90.98930001087561
90.98930001087561
90.98930001087561
90.98930001087561
90.98930001087561
90.98930001087561
90.98930001087561
90.98930001087561
90.98930001087561
90.98930001087561
90.98930001087561
90.98930001087561
90.98930001087561
0
0
0
0
0
0
0
0
0
0
0
0
0
0
0
0
0
0
0
0
0
0
0
0
0
0
0
0
0
0
0
0
0
0
0
0
0
0
0
0
0
0
0
0
0
0
0
0
0
0
0
0
0
0
0
0
0
0
0
0
0
0
0
0
0
0
0
0
0
0
0
0
0
0
0
0
0
0
0
0
0
0
0
0
0
0
0
0
0
0
0
0
0
0
0
0
0
0
0
0
0
0
0
0
0
0
0
0
0
0
0
0
0
0
0
0
0
0
0
0
0
0
0
0
0
0
0
0
0
0
0
0
0
0
0
0
0
0
0
0
0
0
0
0
0
0
0
0
0
0
0
0
0
0
0
0
0
0
0
0
0
0
0
0
0
0
0
0
0
0
0