0
0
0
0
0
0
0
0
0
0
0
0
0
0
0
0
0
0
0
0
0
0
0
0
0
0
0
0
0
0
0
0
0
0
0
83.08476399485428
83.21023591571607
85.57058954196461
88.39357440814838
89.11037876440403
89.60900702039132
89.64160339523858
89.91553510145626
89.91985600769766
90.61867357034033
90.58303953236715
90.72372549645819
90.56391143669187
90.22912072920319
88.84490336348043
89.91467455789996
88.62910651985149
88.84099122106592
86.6585843952051
87.57982672245325
85.20058080841906
82.08656010586364
77.00005577150642
75.55813837486147
78.88825603090186
70.68269182072912
59.829677044876576
60.74399033445717
54.97702575775368
60.74697643824772
68.29218464432678
74.003042329155
78.90404157493855
82.37171723835488
80.95133575142617
83.4435299074012
82.91217393720238
90.99694982734152
90.99311014561054
90.99311014561054
90.99311014561054
90.99311014561054
90.99311014561054
90.99311014561054
90.99311014561054
90.99311014561054
90.99311014561054
90.99311014561054
90.99311014561054
90.99311014561054
90.99311014561054
90.98930001087561
90.98930001087561
90.98930001087561
90.98930001087561
90.98930001087561
90.98930001087561
90.98930001087561
90.98930001087561
90.98930001087561
90.98930001087561
90.98930001087561
90.98930001087561
90.98930001087561
90.98930001087561
90.98930001087561
90.98930001087561
90.98930001087561
90.98930001087561
90.98930001087561
90.98930001087561
90.98930001087561
90.98930001087561
90.98930001087561
90.98930001087561
90.98930001087561
90.98930001087561
90.98930001087561
90.98930001087561
90.98930001087561
90.98930001087561
90.98930001087561
90.98930001087561
90.98930001087561
90.98930001087561
90.98930001087561
90.98930001087561
90.98930001087561
90.98930001087561
90.98930001087561
90.98930001087561
90.98930001087561
90.98930001087561
90.98930001087561
90.98930001087561
90.98930001087561
90.98930001087561
90.98930001087561
90.98930001087561
90.98930001087561
90.98930001087561
90.98930001087561
90.98930001087561
90.98930001087561
90.98930001087561
90.98930001087561
90.98930001087561
90.98930001087561
90.98930001087561
90.98930001087561
90.98930001087561
90.98930001087561
90.98930001087561
90.98930001087561
90.98930001087561
90.98930001087561
90.98930001087561
90.98930001087561
90.98930001087561
90.98930001087561
90.98930001087561
90.98930001087561
90.98930001087561
90.98930001087561
90.98930001087561
90.98930001087561
90.98930001087561
90.98930001087561
90.98930001087561
90.98930001087561
90.98930001087561
90.98930001087561
90.98930001087561
90.98930001087561
90.98930001087561
90.98930001087561
90.98930001087561
90.98930001087561
90.98930001087561
90.98930001087561
90.98930001087561
90.98930001087561
90.98930001087561
90.98930001087561
90.98930001087561
90.98930001087561
90.98930001087561
90.98930001087561
90.98930001087561
90.98930001087561
90.98930001087561
90.98930001087561
90.98930001087561
90.98930001087561
0
0
0
0
0
0
0
0
0
0
0
0
0
0
0
0
0
0
0
0
0
0
0
0
0
0
0
0
0
0
0
0
0
0
0
0
0
0
0
0
0
0
0
0
0
0
0
0
0
0
0
0
0
0
0
0
0
0
0
0
0
0
0
0
0
0
0
0
0
0
0
0
0
0
0
0
0
0
0
0
0
0
0
0
0
0
0
0
0
0
0
0
0
0
0
0
0
0
0
0
0
0
0
0
0
0
0
0
0
0
0
0
0
0
0
0
0
0
0
0
0
0
0
0
0
0
0
0
0
0
0
0
0
0
0
0
0
0
0
0
0
0
0
0
0
0
0
0
0
0
0
0
0
0
0
0
0
0
0
0
0
0
0
0
0
0
0
0
0
0
0