-0.33584801376733703
-0.33584801376733703
-0.33584801376733703
-0.2515562490343915
-0.4175186671947253
-0.45305258320979064
-0.45305258320979064
-0.33584801376733703
-0.45180908740461057
-0.43698210099796064
-0.5199711757189036
-0.45305258320979064
-0.4175186671947253
-0.33584801376733703
-0.45305258320979064
-0.45305258320979064
-0.4930671836290277
-0.4924663557178489
-0.2780221583815938
-0.33584801376733703
-0.4175186671947253
-0.5199711757189036
-0.45305258320979064
-0.45180908740461057
-0.4924663557178489
-0.45305258320979064
-0.45305258320979064
-0.33584801376733703
-0.33584801376733703
-0.45305258320979064
-0.5199711757189036
-0.562222059383361
-0.33584801376733703
-0.33584801376733703
-0.4175186671947253
-0.45305258320979064
-0.5199711757189036
-0.5334840280810224
-0.45180908740461057
-0.33584801376733703
-0.4175186671947253
-0.45305258320979064
-0.4175186671947253
-0.33584801376733703
-0.4175186671947253
-0.45305258320979064
-0.5471420143819834
-0.45531315632423003
-0.45180908740461057
-0.33584801376733703
-0.4175186671947253
-0.45305258320979064
-0.45305258320979064
-0.45180908740461057
-0.5199711757189036
-0.5199711757189036
-0.5199711757189036
-0.45180908740461057
-0.4924663557178489
-0.45305258320979064
-0.5199711757189036
-0.4175186671947253
-0.33584801376733703
-0.33584801376733703
-0.45305258320979064
-0.5199711757189036
-0.5257362461988481
-0.33584801376733703
-0.45305258320979064
-0.43698210099796064
-0.5257362461988481
-0.5199711757189036
-0.4924663557178489
-0.45180908740461057
-0.45305258320979064
-0.5199711757189036
-0.5199711757189036
-0.50588867685253
-0.33584801376733703
-0.4175186671947253
-0.4175186671947253
-0.33584801376733703
-0.33584801376733703
-0.4175186671947253
-0.45305258320979064
-0.45305258320979064
-0.45180908740461057
-0.45305258320979064
-0.5199711757189036
-0.45531315632423003
-0.33584801376733703
-0.33584801376733703
-0.45305258320979064
-0.4175186671947253
-0.33584801376733703
-0.33584801376733703
-0.33584801376733703
-0.45305258320979064
-0.5199711757189036
-0.5257362461988481
-0.33584801376733703
-0.2780221583815938
-0.45305258320979064
-0.4175186671947253
-0.45305258320979064
-0.45180908740461057
-0.45305258320979064
-0.5533892947000576
-0.5503176393895183
-0.45531315632423003
-0.33584801376733703
-0.45305258320979064
-0.5199711757189036
-0.5199711757189036
-0.5199711757189036
-0.33584801376733703
-0.45305258320979064
-0.4175186671947253
-0.33584801376733703
-0.4175186671947253
-0.45305258320979064
-0.33584801376733703
-0.45305258320979064
-0.5199711757189036
-0.33584801376733703
-0.47528586686313234
-0.4136592630762168
-0.39484759833522853
-0.2001806535670586
-0.3622801370736799
-0.3122026465413936
-0.18958465589524515
-0.21745313394958954
-0.28634101947335944
-0.13348119807520398
-0.1598254835265936
-0.22956379593862203
-0.18318287852855447
-0.15065983795147742
-0.22326143368661433
-0.1074292494223636
-0.21166120369964997
-0.1812279518036921
-0.4707687355547772
-0.38334370346651947
-0.41219087384319186
-0.624141364813726
-0.9592804778681714
-1.634008582671175
-3.8119415248798463
-5.14989600803978
-6.231680701295913
-7.9633559138518955
-7.9633559138518955
-12.350846852839183
0
0
0
0
0
0
0
0
0
0
0
0
0
0
0
0
0
0
0
0
0
0
0
0
0
0
0
0
0
0
0
0
0
0
0
0
0
0
0
0
0
0
0
0
0
0
0
0
0
0
0
0
0
0
0
0
0
0
0
0
0
0
0
0
0
0
0
0
0
0
0
0
0
0
0
0
0
0
0
0
0
0
0
0
0
0
0
0
0
0
0
0
0
0
0
0
0
0
0
0
0
0
0
0
0
0
0
0
0
0
0
0
0
0
0
0
0
0
0
0
0
0
0
0
0
0
0
0
0
0
0
0
0
0
0
0
0
0
0
0
0
0
0
0
0
0
0
0
0
0
0
0
0
0
0
0
0
0
0
0
0
0
0
0
0
0
0
0
0
0
0
0
0
0
0
0
0
0
0
0
0
0
0
0
0
0
0
0
0
0
0
0
0
0
0
0
0
0
0
0
0
0
0
0
0