0
0
0
0
0
0
0
0
0
0
0
0
0
0
0
0
0
0
0
0
0
0
0
0
0
0
0
0
0
0
0
0
0
0
0
0
0
0
0
0
0
0
0
0
0
0
0
0
0
0
0
0
0
0
0
0
0
0
0
0
0
0
0
0
0
0
0
0
0
0
0
0
0
0
0
0
0
0
0
0
0
0
0
0
0
0
0
0
0
0
0
0
0
0
0
0
0
0
0
0
0
0
0
0
0
0
0
0
0
0
0
0
0
0
0
0
0.09380652917367505
0.0970149463079627
0.13772245455914559
0.22503542804978735
0.29283450826561463
0.3346078338625364
0.4066116143616015
0.45972438046438363
0.47114519614770056
0.5777543834113424
0.6272580508567356
0.650106956019624
0.691998086732049
0.6996147924898203
0.7529332175314722
0.7719760788564181
0.7719760788564181
0.7910190849100942
0.8138710102315471
0.8252970812572107
0.8329144709991508
0.836723220580031
0.840531977441692
0.8443406543104973
0.8595756932228265
0.8633844917603309
0.8748108396116504
0.8862372448061707
0.9052813459364006
0.9281344911701407
0.9471788971770055
0.9624145650248532
0.9662235158870132
0.9966950269026438
1.0462118863903669
1.103347469184165
1.1833384653045753
1.2176206829513947
1.2671397612836601
1.2938040232339636
1.3166591944165915
1.328086805457053
1.339514432884651
1.3471328745987428
1.3471328745987428
1.37379740940088
1.377659337365993
1.381468407257916
1.381468407257916
1.385277479566317
1.385277479566317
1.385277479566317
1.385277479566317
1.385277479566317
1.385277479566317
1.385277479566317
1.385277479566317
1.385277479566317
1.385277479566317
1.385277479566317
1.385277479566317
1.385277479566317
1.385277479566317
1.385277479566317
1.385277479566317
1.385277479566317
1.385277479566317
1.385277479566317
1.385277479566317
1.385277479566317
1.385277479566317
1.385277479566317
1.385277479566317
0
0
0
0
0
0
0
0
0
0
0
0
0
0
0
0
0
0
0
0
0
0
0
0
0
0
0
0
0
0
0
0
0
0
0
0
0
0
0
0
0
0
0
0
0
0
0
0
0
0
0
0
0
0
0
0
0
0
0
0
0
0
0
0
0
0
0
0
0
0
0
0
0
0
0
0
0
0
0
0
0
0
0
0
0
0
0
0
0
0
0
0
0
0
0
0
0
0
0
0
0
0
0
0
0
0
0
0
0
0
0
0
0
0
0
0
0
0
0
0
0
0
0
0
0
0
0
0
0
0
0
0
0
0
0
0
0
0
0
0
0
0
0
0
0
0
0
0
0
0
0
0
0
0
0
0
0
0
0
0
0
0
0
0
0
0
0
0
0
0
0