0
0
0
0
0
0
0
0
0
0
0
0
0
0
0
0
0
0
0
0
0
0
0
0
0
0
0
0
0
0
0
0
0
0
0
0
0
0
0
0
0
0
0
0
0
0
0
0
0
0
0
0
0
0
0
0
0
0
0
0
0
0
0
0
0
0
0
0
0
0
0
0
0
0
0
0
0
0
0
0
0
0
0
0
0
0
0
0
0
0
0
0
0
0
0
0
0
0
0
0
0
0
0
0
0
0
0
0
0
97.81799219819268
97.81799219819268
94.1865124588453
92.88978296745861
92.49280053229538
91.56552190604141
90.1171689062104
89.56226245895476
89.31329259387543
89.22196501199097
89.13086979360929
89.0245417088242
88.45852038266563
87.25467248394966
85.60950100929685
84.20218786630664
81.59801230431931
75.50669096062808
69.49036608904024
61.271142376148845
45.90881598416715
41.92214268979719
43.15051549804272
58.984446970045724
67.45663215898458
76.23049943006885
80.92769841973923
82.06574666822453
82.52185068178764
89.51045532713643
89.51045532713643
89.51045532713643
89.51045532713643
89.51045532713643
89.51045532713643
89.51045532713643
89.51045532713643
89.51045532713643
89.51705721251511
89.51867997416684
89.51867997416684
89.52029186713898
89.52029186713898
89.52029186713898
89.52189296373196
89.52506337896884
89.52506337896884
89.52506337896884
89.52663283554485
89.5281919893604
89.5281919893604
89.5281919893604
89.5281919893604
89.52974090619415
89.52974090619415
89.52974090619415
89.52974090619415
89.52974090619415
89.52974090619415
89.52974090619415
89.52974090619415
89.52974090619415
89.52974090619415
89.52974090619415
89.52974090619415
0
0
0
0
0
0
0
0
0
0
0
0
0
0
0
0
0
0
0
0
0
0
0
0
0
0
0
0
0
0
0
0
0
0
0
0
0
0
0
0
0
0
0
0
0
0
0
0
0
0
0
0
0
0
0
0
0
0
0
0
0
0
0
0
0
0
0
0
0
0
0
0
0
0
0
0
0
0
0
0
0
0
0
0
0
0
0
0
0
0
0
0
0
0
0
0
0
0
0
0
0
0
0
0
0
0
0
0
0
0
0
0
0
0
0
0
0
0
0
0
0
0
0
0
0
0
0
0
0
0
0
0
0
0
0
0
0
0
0
0
0
0
0
0
0
0
0
0
0
0
0
0
0
0
0
0
0
0
0
0
0
0
0
0
0
0
0
0
0
0
0
0
0
0
0
0
0
0
0
0
0
0
0
0
0
0