26.59388757152391
26.018758296332106
26.59388757152391
26.59388757152391
26.018758296332106
26.018758296332106
26.59388757152391
26.59388757152391
26.34707816429979
26.018758296332106
26.018758296332106
26.018758296332106
26.59388757152391
26.34707816429979
26.59388757152391
26.59388757152391
26.59388757152391
26.34707816429979
26.018758296332106
26.34707816429979
26.59388757152391
26.018758296332106
26.018758296332106
26.59388757152391
26.59388757152391
26.018758296332106
26.34707816429979
26.59388757152391
26.59388757152391
26.018758296332106
26.34707816429979
25.872811634151162
26.018758296332106
26.59388757152391
26.59388757152391
26.018758296332106
26.018758296332106
26.21190790107207
26.018758296332106
26.21190790107207
26.59388757152391
26.59388757152391
26.018758296332106
26.018758296332106
26.018758296332106
26.59388757152391
26.34707816429979
26.21190790107207
26.018758296332106
26.59388757152391
26.59388757152391
26.018758296332106
26.34707816429979
26.59388757152391
26.59388757152391
26.018758296332106
26.018758296332106
26.091143544569174
26.018758296332106
26.59388757152391
26.34707816429979
26.018758296332106
26.59388757152391
26.59388757152391
26.018758296332106
26.018758296332106
26.34707816429979
26.59388757152391
26.018758296332106
26.018758296332106
26.59388757152391
26.59388757152391
26.34707816429979
26.34707816429979
26.59388757152391
26.59388757152391
26.34707816429979
26.34707816429979
26.34707816429979
26.59388757152391
26.59388757152391
26.34707816429979
26.34707816429979
26.34707816429979
26.34707816429979
26.59388757152391
26.34707816429979
26.34707816429979
26.59388757152391
26.59388757152391
26.34707816429979
26.018758296332106
26.34707816429979
26.59388757152391
26.34707816429979
26.018758296332106
26.34707816429979
26.59388757152391
26.34707816429979
26.018758296332106
26.34707816429979
26.59388757152391
26.59388757152391
26.018758296332106
26.018758296332106
26.018758296332106
26.59388757152391
26.21190790107207
26.018758296332106
26.018758296332106
26.018758296332106
26.59388757152391
26.018758296332106
26.59388757152391
26.59388757152391
25.45098028836593
25.45098028836593
25.45098028836593
24.81554048259857
24.379387027729493
24.037192370629338
23.127101823953257
21.74115340668963
20.780788139126194
20.293657496705105
19.61213406196207
18.566570489325407
17.83582142792726
16.997872636398476
15.15107281984311
14.003717774241817
13.795621368977837
12.45576337599787
10.474316193625329
9.166193356256448
11.084871828166646
11.59563173744199
13.51086022737108
0
0
0
0
0
0
0
0
0
0
0
0
0
0
0
0
0
0
0
0
0
0
0
0
0
0
0
0
0
0
0
0
0
0
0
0
0
0
0
0
0
0
0
0
0
0
0
0
0
0
0
0
0
0
0
0
0
0
0
0
0
0
0
0
0
0
0
0
0
0
0
0
0
0
0
0
0
0
0
0
0
0
0
0
0
0
0
0
0
0
0
0
0
0
0
0
0
0
0
0
0
0
0
0
0
0
0
0
0
0
0
0
0
0
0
0
0
0
0
0
0
0
0
0
0
0
0
0
0
0
0
0
0
0
0
0
0
0
0
0
0
0
0
0
0
0
0
0
0
0
0
0
0
0
0
0
0
0
0
0
0
0
0
0
0
0
0
0
0
0
0
0
0
0
0
0
0
0
0
0
0
0
0
0
0
0
0
0
0
0
0
0
0
0
0
0
0
0
0
0
0
0
0
0
0
0
0
0
0
0
0
0
0
0
0
0
0
0
0
0
0
0