-0.9718611669274173
-0.9525589786460347
-0.9718611669274173
-0.9718611669274173
-0.9525589786460347
-0.9525589786460347
-0.9718611669274173
-0.9718611669274173
-0.9635736228778162
-0.9525589786460347
-0.9525589786460347
-0.9525589786460347
-0.9718611669274173
-0.9635736228778162
-0.9718611669274173
-0.9718611669274173
-0.9718611669274173
-0.9635736228778162
-0.9525589786460347
-0.9635736228778162
-0.9718611669274173
-0.9525589786460347
-0.9525589786460347
-0.9718611669274173
-0.9718611669274173
-0.9525589786460347
-0.9635736228778162
-0.9718611669274173
-0.9718611669274173
-0.9525589786460347
-0.9635736228778162
-0.893148671662461
-0.9525589786460347
-0.9718611669274173
-0.9718611669274173
-0.9525589786460347
-0.9525589786460347
-0.9590374717136254
-0.9525589786460347
-0.9590374717136254
-0.9718611669274173
-0.9718611669274173
-0.9525589786460347
-0.9525589786460347
-0.9525589786460347
-0.9718611669274173
-0.9635736228778162
-0.9590374717136254
-0.9525589786460347
-0.9718611669274173
-0.9718611669274173
-0.9525589786460347
-0.9635736228778162
-0.9718611669274173
-0.9718611669274173
-0.9525589786460347
-0.9525589786460347
-0.9040932568586351
-0.9525589786460347
-0.9718611669274173
-0.9635736228778162
-0.9525589786460347
-0.9718611669274173
-0.9718611669274173
-0.9525589786460347
-0.9525589786460347
-0.9635736228778162
-0.9718611669274173
-0.9525589786460347
-0.9525589786460347
-0.9718611669274173
-0.9718611669274173
-0.9635736228778162
-0.9635736228778162
-0.9718611669274173
-0.9718611669274173
-0.9635736228778162
-0.9635736228778162
-0.9635736228778162
-0.9718611669274173
-0.9718611669274173
-0.9635736228778162
-0.9635736228778162
-0.9635736228778162
-0.9635736228778162
-0.9718611669274173
-0.9635736228778162
-0.9635736228778162
-0.9718611669274173
-0.9718611669274173
-0.9635736228778162
-0.9525589786460347
-0.9635736228778162
-0.9718611669274173
-0.9635736228778162
-0.9525589786460347
-0.9635736228778162
-0.9718611669274173
-0.9635736228778162
-0.9525589786460347
-0.9635736228778162
-0.9718611669274173
-0.9718611669274173
-0.9525589786460347
-0.9525589786460347
-0.9525589786460347
-0.9718611669274173
-0.9590374717136254
-0.9525589786460347
-0.9525589786460347
-0.9525589786460347
-0.9718611669274173
-0.9525589786460347
-0.9718611669274173
-0.9718611669274173
-0.9335386867968314
-0.9335386867968314
-0.9335386867968314
-0.9952319018071063
-1.054643879859304
-0.9734985690118657
-1.0117586726383518
-0.9353127133861057
-1.061926540466748
-0.9999198454896158
-1.1388935642407327
-1.4701792984676318
-1.6303945995064395
-1.7171327860147425
-2.4530426274434713
-3.3448292718202577
-3.8443289733484014
-5.446799729959052
-7.18259791687818
-8.588201394880997
-11.312180970233953
-12.07103826777578
-13.104533418453318
0
0
0
0
0
0
0
0
0
0
0
0
0
0
0
0
0
0
0
0
0
0
0
0
0
0
0
0
0
0
0
0
0
0
0
0
0
0
0
0
0
0
0
0
0
0
0
0
0
0
0
0
0
0
0
0
0
0
0
0
0
0
0
0
0
0
0
0
0
0
0
0
0
0
0
0
0
0
0
0
0
0
0
0
0
0
0
0
0
0
0
0
0
0
0
0
0
0
0
0
0
0
0
0
0
0
0
0
0
0
0
0
0
0
0
0
0
0
0
0
0
0
0
0
0
0
0
0
0
0
0
0
0
0
0
0
0
0
0
0
0
0
0
0
0
0
0
0
0
0
0
0
0
0
0
0
0
0
0
0
0
0
0
0
0
0
0
0
0
0
0
0
0
0
0
0
0
0
0
0
0
0
0
0
0
0
0
0
0
0
0
0
0
0
0
0
0
0
0
0
0
0
0
0
0
0
0
0
0
0
0
0
0
0
0
0
0
0
0
0
0
0