26.54536021620321
26.54536021620321
26.54536021620321
25.117155688742557
27.275962471101835
27.483524543725483
27.483524543725483
26.54536021620321
27.251711168554365
27.50297492459225
27.708321552344774
27.483524543725483
27.275962471101835
26.54536021620321
27.483524543725483
27.483524543725483
28.32968735529747
27.430618884553752
25.82066333600514
26.54536021620321
27.275962471101835
27.708321552344774
27.483524543725483
27.251711168554365
27.430618884553752
27.483524543725483
27.483524543725483
26.54536021620321
26.54536021620321
27.483524543725483
27.708321552344774
28.342314785853176
26.54536021620321
26.54536021620321
27.275962471101835
27.483524543725483
27.708321552344774
28.14263715395745
27.251711168554365
26.54536021620321
27.275962471101835
27.483524543725483
27.275962471101835
26.54536021620321
27.275962471101835
27.483524543725483
28.062091245563288
27.480686406936766
27.251711168554365
26.54536021620321
27.275962471101835
27.483524543725483
27.483524543725483
27.251711168554365
27.708321552344774
27.708321552344774
27.708321552344774
27.251711168554365
27.430618884553752
27.483524543725483
27.708321552344774
27.275962471101835
26.54536021620321
26.54536021620321
27.483524543725483
27.708321552344774
27.782481906722005
26.54536021620321
27.483524543725483
27.50297492459225
27.782481906722005
27.708321552344774
27.430618884553752
27.251711168554365
27.483524543725483
27.708321552344774
27.708321552344774
27.527012200600993
26.54536021620321
27.275962471101835
27.275962471101835
26.54536021620321
26.54536021620321
27.275962471101835
27.483524543725483
27.483524543725483
27.251711168554365
27.483524543725483
27.708321552344774
27.480686406936766
26.54536021620321
26.54536021620321
27.483524543725483
27.275962471101835
26.54536021620321
26.54536021620321
26.54536021620321
27.483524543725483
27.708321552344774
27.782481906722005
26.54536021620321
25.82066333600514
27.483524543725483
27.275962471101835
27.483524543725483
27.251711168554365
27.483524543725483
28.09310913128467
28.259709711168522
27.480686406936766
26.54536021620321
27.483524543725483
27.708321552344774
27.708321552344774
27.708321552344774
26.54536021620321
27.483524543725483
27.275962471101835
26.54536021620321
27.275962471101835
27.483524543725483
26.54536021620321
27.483524543725483
27.708321552344774
26.54536021620321
27.13246875514386
26.335625702753834
26.09179737724345
26.067703097158358
25.668901986510892
25.016772470434443
24.973930788193368
24.943210308183957
24.60727265551004
24.177460902999332
23.817703112834
22.693361615924886
22.83144520151332
22.29701870167995
21.99393536497113
20.594909855040644
20.69971767295392
21.233201009375538
20.042900500447313
18.629908653096432
17.758804224590985
17.65430601238439
17.253907252424863
15.234914972003175
15.8807972049475
15.273071414118785
10.722061197137467
8.18360189431741
8.18360189431741
11.876713268364318
0
0
0
0
0
0
0
0
0
0
0
0
0
0
0
0
0
0
0
0
0
0
0
0
0
0
0
0
0
0
0
0
0
0
0
0
0
0
0
0
0
0
0
0
0
0
0
0
0
0
0
0
0
0
0
0
0
0
0
0
0
0
0
0
0
0
0
0
0
0
0
0
0
0
0
0
0
0
0
0
0
0
0
0
0
0
0
0
0
0
0
0
0
0
0
0
0
0
0
0
0
0
0
0
0
0
0
0
0
0
0
0
0
0
0
0
0
0
0
0
0
0
0
0
0
0
0
0
0
0
0
0
0
0
0
0
0
0
0
0
0
0
0
0
0
0
0
0
0
0
0
0
0
0
0
0
0
0
0
0
0
0
0
0
0
0
0
0
0
0
0
0
0
0
0
0
0
0
0
0
0
0
0
0
0
0
0
0
0
0
0
0
0
0
0
0
0
0
0
0
0
0
0
0
0