16.977733612060547
17.321762084960938
16.977733612060547
16.977733612060547
17.321762084960938
17.321762084960938
16.977733612060547
16.977733612060547
17.123756408691406
17.321762084960938
17.321762084960938
17.321762084960938
16.977733612060547
17.123756408691406
16.977733612060547
16.977733612060547
16.977733612060547
17.123756408691406
17.321762084960938
17.123756408691406
16.977733612060547
17.321762084960938
17.321762084960938
16.977733612060547
16.977733612060547
17.321762084960938
17.123756408691406
16.977733612060547
16.977733612060547
17.321762084960938
17.123756408691406
17.411190032958984
17.321762084960938
16.977733612060547
16.977733612060547
17.321762084960938
17.321762084960938
17.204750061035156
17.321762084960938
17.204750061035156
16.977733612060547
16.977733612060547
17.321762084960938
17.321762084960938
17.321762084960938
16.977733612060547
17.123756408691406
17.204750061035156
17.321762084960938
16.977733612060547
16.977733612060547
17.321762084960938
17.123756408691406
16.977733612060547
16.977733612060547
17.321762084960938
17.321762084960938
17.277732849121094
17.321762084960938
16.977733612060547
17.123756408691406
17.321762084960938
16.977733612060547
16.977733612060547
17.321762084960938
17.321762084960938
17.123756408691406
16.977733612060547
17.321762084960938
17.321762084960938
16.977733612060547
16.977733612060547
17.123756408691406
17.123756408691406
16.977733612060547
16.977733612060547
17.123756408691406
17.123756408691406
17.123756408691406
16.977733612060547
16.977733612060547
17.123756408691406
17.123756408691406
17.123756408691406
17.123756408691406
16.977733612060547
17.123756408691406
17.123756408691406
16.977733612060547
16.977733612060547
17.123756408691406
17.321762084960938
17.123756408691406
16.977733612060547
17.123756408691406
17.321762084960938
17.123756408691406
16.977733612060547
17.123756408691406
17.321762084960938
17.123756408691406
16.977733612060547
16.977733612060547
17.321762084960938
17.321762084960938
17.321762084960938
16.977733612060547
17.204750061035156
17.321762084960938
17.321762084960938
17.321762084960938
16.977733612060547
17.321762084960938
16.977733612060547
16.977733612060547
17.6746826171875
17.6746826171875
17.6746826171875
18.08623695373535
18.379405975341797
18.61579704284668
19.27337074279785
20.362987518310547
21.18790626525879
21.63047218322754
22.279056549072266
23.346338272094727
24.149065017700195
25.132841110229492
27.571990966796875
29.303133010864258
29.636917114257812
31.945363998413086
35.92015075683594
38.94878387451172
34.61903381347656
33.583797454833984
30.10408592224121
0
0
0
0
0
0
0
0
0
0
0
0
0
0
0
0
0
0
0
0
0
0
0
0
0
0
0
0
0
0
0
0
0
0
0
0
0
0
0
0
0
0
0
0
0
0
0
0
0
0
0
0
0
0
0
0
0
0
0
0
0
0
0
0
0
0
0
0
0
0
0
0
0
0
0
0
0
0
0
0
0
0
0
0
0
0
0
0
0
0
0
0
0
0
0
0
0
0
0
0
0
0
0
0
0
0
0
0
0
0
0
0
0
0
0
0
0
0
0
0
0
0
0
0
0
0
0
0
0
0
0
0
0
0
0
0
0
0
0
0
0
0
0
0
0
0
0
0
0
0
0
0
0
0
0
0
0
0
0
0
0
0
0
0
0
0
0
0
0
0
0
0
0
0
0
0
0
0
0
0
0
0
0
0
0
0
0
0
0
0
0
0
0
0
0
0
0
0
0
0
0
0
0
0
0
0
0
0
0
0
0
0
0
0
0
0
0
0
0
0
0
0