-2.916583095718491
-2.916583095718491
-2.916583095718491
-2.935404114602796
-2.9976599533535895
-3.073430165705676
-2.916583095718491
-2.916583095718491
-3.073430165705676
-2.956886353021668
-2.979267247139239
-2.916583095718491
-3.0759379158923887
-3.073430165705676
-2.9409390824685797
-2.916583095718491
-2.935404114602796
-2.961062290661136
-2.8254460359404105
-2.916583095718491
-2.916583095718491
-3.0759379158923887
-2.979267247139239
-2.9409390824685797
-2.935404114602796
-2.9976599533535895
-2.916583095718491
-2.916583095718491
-3.0863939932476177
-3.073430165705676
-2.9409390824685797
-2.935404114602796
-2.9976599533535895
-2.961062290661136
-2.916583095718491
-2.916583095718491
-2.9976599533535895
-2.956886353021668
-2.935404114602796
-2.961062290661136
-2.9121601119280287
-2.948686066946115
-2.8862589913699956
-2.9121601119280287
-2.9439454183457148
-2.8177187980646385
-2.983682432983234
-2.9200263763885763
-2.8645167621120864
-2.910911980552503
-2.924985494685581
-2.911830604429575
-2.910911980552503
-2.8330056363644354
-2.8736930056714147
-2.833953510878257
-2.996811135357757
-2.88083740052471
-2.8366799640462697
-3.1986361655986726
-3.346696063438917
-3.446234157527906
-3.7106815768972243
-4.3257635892793385
-5.571423881607
-7.856328336372577
-8.623520623978349
-9.918973618113199
-12.886227242669285
-11.953809673714094
-13.422569063476782
-13.085656149132088
-17.024957376753527
-19.150397575002174
0
0
0
0
0
0
0
0
0
0
0
0
0
0
0
0
0
0
0
0
0
0
0
0
0
0
0
0
0
0
0
0
0
0
0
0
0
0
0
0
0
0
0
0
0
0
0
0
0
0
0
0
0
0
0
0
0
0
0
0
0
0
0
0
0
0
0
0
0
0
0
0
0
0
0
0
0
0
0
0
0
0
0
0
0
0
0
0
0
0
0
0
0
0
0
0
0
0
0
0
0
0
0
0
0
0
0
0
0
0
0
0
0
0
0
0
0
0
0
0
0
0
0
0
0
0
0
0
0
0
0
0
0
0
0
0
0
0
0
0
0
0
0
0
0
0
0
0
0
0
0
0
0
0
0
0
0
0
0
0
0
0
0
0
0
0
0
0
0
0
0
0
0
0
0
0
0
0
0
0
0
0
0
0
0
0
0
0
0
0
0
0
0
0
0
0
0
0
0
0
0
0
0
0
0
0
0
0
0
0
0
0
0
0
0
0
0
0
0
0
0
0
0
0
0
0
0
0
0
0
0
0
0
0
0
0
0
0
0
0
0
0
0
0
0
0
0
0
0
0
0
0
0
0
0
0
0
0
0
0
0
0
0
0
0
0
0
0
0
0
0
0
0
0
0
0
0
0
0
0
0
0
0
0
0
0