0
0
0
0
0
0
0
0
0
0
0
0
0
0
0
0
0
0
0
0
0
0
0
0
0
0
0
0
0
0
0
0
0
0
0
0.20566273081937753
0.20944498622225288
0.2735416678051123
0.3719076800890586
0.4480125178314413
0.5965506310902657
0.6270266446913805
0.7527404467585868
0.7794070600456863
0.8442718979381295
0.8710020214529003
0.8786195769645162
0.8786195769645162
0.8786195769645162
0.8824284077818269
0.8862372448061707
0.8862372448061707
0.8862372448061707
0.8900460007809556
0.8900460007809556
0.8900460007809556
0.8900460007809556
0.8900460007809556
0.8900460007809556
0.8938548499815268
0.8938548499815268
0.8938548499815268
0.9014724790457199
0.9205167830947916
0.9509878285541168
0.9700323842978283
0.9738413445606405
0.9776503094414793
0.9814591917067996
0.985268165663121
0.985268165663121
0.985268165663121
0.985268165663121
0.9890771440786483
0.9890771440786483
0.9890771440786483
0.9890771440786483
0.9890771440786483
0.9890771440786483
0.9890771440786483
0.9890771440786483
0.9890771440786483
0.9890771440786483
0.9890771440786483
0.9890771440786483
0.9890771440786483
0.992886039721979
0.992886039721979
0.992886039721979
0.992886039721979
0.992886039721979
0.992886039721979
0.992886039721979
0.992886039721979
0.992886039721979
0.992886039721979
0.992886039721979
0.992886039721979
0.992886039721979
0.992886039721979
0.992886039721979
0.992886039721979
0.992886039721979
0.992886039721979
0.992886039721979
0.992886039721979
0.992886039721979
0.992886039721979
0.992886039721979
0.992886039721979
0.992886039721979
0.992886039721979
0.992886039721979
0.992886039721979
0.992886039721979
0.992886039721979
0.992886039721979
0.992886039721979
0.992886039721979
0.992886039721979
0.992886039721979
0.992886039721979
0.992886039721979
0.992886039721979
0.992886039721979
0.992886039721979
0.992886039721979
0.992886039721979
0.992886039721979
0.992886039721979
0.992886039721979
0.992886039721979
0.992886039721979
0.992886039721979
0.992886039721979
0.992886039721979
0.992886039721979
0.992886039721979
0.992886039721979
0.992886039721979
0.992886039721979
0.992886039721979
0.992886039721979
0.992886039721979
0.992886039721979
0.992886039721979
0.992886039721979
0.992886039721979
0.992886039721979
0.992886039721979
0.992886039721979
0.992886039721979
0.992886039721979
0.992886039721979
0.992886039721979
0.992886039721979
0.992886039721979
0.992886039721979
0.992886039721979
0.992886039721979
0.992886039721979
0.992886039721979
0.992886039721979
0.992886039721979
0.992886039721979
0.992886039721979
0.992886039721979
0.992886039721979
0.992886039721979
0.992886039721979
0.992886039721979
0.992886039721979
0.992886039721979
0.992886039721979
0.992886039721979
0.992886039721979
0.992886039721979
0.992886039721979
0.992886039721979
0.992886039721979
0.992886039721979
0.992886039721979
0.992886039721979
0.992886039721979
0.992886039721979
0.992886039721979
0.992886039721979
0.992886039721979
0.992886039721979
0
0
0
0
0
0
0
0
0
0
0
0
0
0
0
0
0
0
0
0
0
0
0
0
0
0
0
0
0
0
0
0
0
0
0
0
0
0
0
0
0
0
0
0
0
0
0
0
0
0
0
0
0
0
0
0
0
0
0
0
0
0
0
0
0
0
0
0
0
0
0
0
0
0
0
0
0
0
0
0
0
0
0
0
0
0
0
0
0
0
0
0
0
0
0
0
0
0
0
0
0
0
0
0
0
0
0
0
0
0
0
0
0
0
0
0
0
0
0
0
0
0
0
0
0
0
0
0
0
0
0
0
0
0
0
0
0
0
0
0
0
0
0
0
0
0
0
0
0
0
0
0
0
0
0
0
0
0
0
0
0
0
0
0
0
0
0
0
0
0
0