17.006256103515625
17.006256103515625
17.006256103515625
17.888643264770508
16.58631134033203
16.47060775756836
16.47060775756836
17.006256103515625
16.599931716918945
16.4598445892334
16.347030639648438
16.47060775756836
16.58631134033203
17.006256103515625
16.47060775756836
16.47060775756836
16.0145320892334
16.49995231628418
17.443357467651367
17.006256103515625
16.58631134033203
16.347030639648438
16.47060775756836
16.599931716918945
16.49995231628418
16.47060775756836
16.47060775756836
17.006256103515625
17.006256103515625
16.47060775756836
16.347030639648438
16.007909774780273
17.006256103515625
17.006256103515625
16.58631134033203
16.47060775756836
16.347030639648438
16.113248825073242
16.599931716918945
17.006256103515625
16.58631134033203
16.47060775756836
16.58631134033203
17.006256103515625
16.58631134033203
16.47060775756836
16.156118392944336
16.472179412841797
16.599931716918945
17.006256103515625
16.58631134033203
16.47060775756836
16.47060775756836
16.599931716918945
16.347030639648438
16.347030639648438
16.347030639648438
16.599931716918945
16.49995231628418
16.47060775756836
16.347030639648438
16.58631134033203
17.006256103515625
17.006256103515625
16.47060775756836
16.347030639648438
16.306652069091797
17.006256103515625
16.47060775756836
16.4598445892334
16.306652069091797
16.347030639648438
16.49995231628418
16.599931716918945
16.47060775756836
16.347030639648438
16.347030639648438
16.446561813354492
17.006256103515625
16.58631134033203
16.58631134033203
17.006256103515625
17.006256103515625
16.58631134033203
16.47060775756836
16.47060775756836
16.599931716918945
16.47060775756836
16.347030639648438
16.472179412841797
17.006256103515625
17.006256103515625
16.47060775756836
16.58631134033203
17.006256103515625
17.006256103515625
17.006256103515625
16.47060775756836
16.347030639648438
16.306652069091797
17.006256103515625
17.443357467651367
16.47060775756836
16.58631134033203
16.47060775756836
16.599931716918945
16.47060775756836
16.139583587646484
16.051326751708984
16.472179412841797
17.006256103515625
16.47060775756836
16.347030639648438
16.347030639648438
16.347030639648438
17.006256103515625
16.47060775756836
16.58631134033203
17.006256103515625
16.58631134033203
16.47060775756836
17.006256103515625
16.47060775756836
16.347030639648438
17.006256103515625
16.66721534729004
17.130590438842773
17.27733612060547
17.291967391967773
17.53761863708496
17.953948974609375
17.981958389282227
18.002094268798828
18.225112915039062
18.518205642700195
18.77047348022461
19.602394104003906
19.49650764465332
19.91240692138672
20.155742645263672
21.35478401184082
21.260391235351562
20.79169273376465
21.865015029907227
23.279041290283203
24.23657989501953
24.356239318847656
24.824724197387695
27.452383041381836
26.560415267944336
27.39824676513672
35.38371276855469
41.439815521240234
41.439815521240234
33.03417205810547
0
0
0
0
0
0
0
0
0
0
0
0
0
0
0
0
0
0
0
0
0
0
0
0
0
0
0
0
0
0
0
0
0
0
0
0
0
0
0
0
0
0
0
0
0
0
0
0
0
0
0
0
0
0
0
0
0
0
0
0
0
0
0
0
0
0
0
0
0
0
0
0
0
0
0
0
0
0
0
0
0
0
0
0
0
0
0
0
0
0
0
0
0
0
0
0
0
0
0
0
0
0
0
0
0
0
0
0
0
0
0
0
0
0
0
0
0
0
0
0
0
0
0
0
0
0
0
0
0
0
0
0
0
0
0
0
0
0
0
0
0
0
0
0
0
0
0
0
0
0
0
0
0
0
0
0
0
0
0
0
0
0
0
0
0
0
0
0
0
0
0
0
0
0
0
0
0
0
0
0
0
0
0
0
0
0
0
0
0
0
0
0
0
0
0
0
0
0
0
0
0
0
0
0
0