17.862884521484375
17.862884521484375
17.862884521484375
17.885101318359375
17.774667739868164
17.660844802856445
17.862884521484375
17.862884521484375
17.660844802856445
17.858678817749023
17.884469985961914
17.862884521484375
17.640947341918945
17.660844802856445
17.891918182373047
17.862884521484375
17.885101318359375
17.86326789855957
18.21916389465332
17.862884521484375
17.862884521484375
17.640947341918945
17.884469985961914
17.891918182373047
17.885101318359375
17.774667739868164
17.862884521484375
17.862884521484375
17.558364868164062
17.660844802856445
17.891918182373047
17.885101318359375
17.774667739868164
17.86326789855957
17.862884521484375
17.862884521484375
17.774667739868164
17.858678817749023
17.885101318359375
17.86326789855957
18.027854919433594
17.901683807373047
18.063222885131836
18.027854919433594
18.217178344726562
18.937467575073242
18.60117530822754
19.006677627563477
19.59297752380371
20.82680892944336
20.000099182128906
20.944181442260742
20.82680892944336
21.708393096923828
21.401033401489258
22.113271713256836
22.804819107055664
23.576946258544922
23.764318466186523
23.377647399902344
24.52488136291504
25.965059280395508
25.944486618041992
27.19789695739746
30.153871536254883
32.696571350097656
36.67811965942383
36.86819076538086
30.88270378112793
32.500099182128906
29.255517959594727
31.06454849243164
23.436182022094727
21.148386001586914
0
0
0
0
0
0
0
0
0
0
0
0
0
0
0
0
0
0
0
0
0
0
0
0
0
0
0
0
0
0
0
0
0
0
0
0
0
0
0
0
0
0
0
0
0
0
0
0
0
0
0
0
0
0
0
0
0
0
0
0
0
0
0
0
0
0
0
0
0
0
0
0
0
0
0
0
0
0
0
0
0
0
0
0
0
0
0
0
0
0
0
0
0
0
0
0
0
0
0
0
0
0
0
0
0
0
0
0
0
0
0
0
0
0
0
0
0
0
0
0
0
0
0
0
0
0
0
0
0
0
0
0
0
0
0
0
0
0
0
0
0
0
0
0
0
0
0
0
0
0
0
0
0
0
0
0
0
0
0
0
0
0
0
0
0
0
0
0
0
0
0
0
0
0
0
0
0
0
0
0
0
0
0
0
0
0
0
0
0
0
0
0
0
0
0
0
0
0
0
0
0
0
0
0
0
0
0
0
0
0
0
0
0
0
0
0
0
0
0
0
0
0
0
0
0
0
0
0
0
0
0
0
0
0
0
0
0
0
0
0
0
0
0
0
0
0
0
0
0
0
0
0
0
0
0
0
0
0
0
0
0
0
0
0
0
0
0
0
0
0
0
0
0
0
0
0
0
0
0
0
0
0
0
0
0
0