0
0
0
0
0
0
0
0
0
0
0
0
0
0
0
0
0
0
0
0
0
0
0
0
0
0
0
0
0
0
0
0
0
0
0
0
0
0
0
0
0
0
0
0
0
0
0
0
0
0
0
0
0
0
0
0
0
0
0
0
0
0
0
0
0
0
0
0
0
0
0
0
0
0
0
0
0
0
0
0
0
0
0
0
0
0
0
0
0
0
0
0
0
0
0
0
0
0
0
0
0
0
0
0
0
0
0
0
0
0
0
0
0
0
0
0
123.24641154049235
122.0128722302273
106.88425231769291
97.06765352557217
94.67499248044186
93.97017932012761
92.79977501589042
92.00940747789106
91.84967836326253
91.53446981620196
91.31804603627405
91.23066282838415
91.12750095604167
91.0574248087109
90.82048486551304
90.76763143782371
90.76219988771133
90.64447416278807
90.44268300714018
90.27437245083591
89.54025493575213
89.64070453154356
89.11184215986552
88.76246465950207
85.75461446064229
86.13550360799839
87.42729984427592
84.02168384945728
75.3040272493428
67.16069002658753
66.46223051533369
62.86370252412018
44.05205106024452
56.89664097957104
65.46515763999005
63.00035211630889
76.50606226207236
76.50583281085065
82.38860237356565
90.75918924932267
90.74601014452588
90.73959069264068
90.73328077156802
90.72913362367477
90.72913362367477
90.71498086143227
90.87142439358976
90.86902146398882
90.86902146398882
90.8666317489674
90.8666317489674
90.8666317489674
90.8666317489674
90.8666317489674
90.8666317489674
90.8666317489674
90.8666317489674
90.8666317489674
90.8666317489674
90.8666317489674
90.8666317489674
90.8666317489674
90.8666317489674
90.8666317489674
90.8666317489674
90.8666317489674
90.8666317489674
90.8666317489674
90.8666317489674
90.8666317489674
90.8666317489674
90.8666317489674
90.8666317489674
0
0
0
0
0
0
0
0
0
0
0
0
0
0
0
0
0
0
0
0
0
0
0
0
0
0
0
0
0
0
0
0
0
0
0
0
0
0
0
0
0
0
0
0
0
0
0
0
0
0
0
0
0
0
0
0
0
0
0
0
0
0
0
0
0
0
0
0
0
0
0
0
0
0
0
0
0
0
0
0
0
0
0
0
0
0
0
0
0
0
0
0
0
0
0
0
0
0
0
0
0
0
0
0
0
0
0
0
0
0
0
0
0
0
0
0
0
0
0
0
0
0
0
0
0
0
0
0
0
0
0
0
0
0
0
0
0
0
0
0
0
0
0
0
0
0
0
0
0
0
0
0
0
0
0
0
0
0
0
0
0
0
0
0
0
0
0
0
0
0
0