0
0
0
0
0
0
0
0
0
0
0
0
0
0
0
0
0
0
0
0
0
0
0
0
0
0
0
0
0
0
0
0
0
0
0
0
0
0
0
0
0
0
0
0
0
0
0
0
0
0
0
0
0
0
0
0
0
0
0
0
0
0
0
0
0
0
0
0
0
0
0
0
0
0
0
0
0
0
0
0
0
0
0
0
0
0
0
0
0
0
0
0
0
0
0
0
0
0
0
0
0
0
0
0
0
0
0
0
0
0.2794253411906011
0.2794253411906011
0.4684238748390445
0.5822106295857845
0.604841811883782
0.6806796909475422
0.7527597263220843
0.7984545949281395
0.8327576427208575
0.8746615234547847
0.8898992409348245
0.9051370563680536
0.9737370240403425
1.0194492211482127
1.0461147828205832
1.0689709986611484
1.0765897169586238
1.088017845884298
1.091827253314669
1.091827253314669
1.103255394442451
1.103255394442451
1.1070647186660512
1.1108741310496937
1.1108741310496937
1.1108741310496937
1.1108741310496937
1.1108741310496937
1.1146835443935998
1.1146835443935998
1.1146835443935998
1.1146835443935998
1.1146835443935998
1.1146835443935998
1.1146835443935998
1.1146835443935998
1.1146835443935998
1.1146835443935998
1.1299210327976512
1.1337304507982926
1.1337304507982926
1.137539869702283
1.137539869702283
1.137539869702283
1.141349202310532
1.14896804455441
1.14896804455441
1.14896804455441
1.1527773797924132
1.1565868030798083
1.1565868030798083
1.1565868030798083
1.1565868030798083
1.1603962272180475
1.1603962272180475
1.1603962272180475
1.1603962272180475
1.1603962272180475
1.1603962272180475
1.1603962272180475
1.1603962272180475
1.1603962272180475
1.1603962272180475
1.1603962272180475
1.1603962272180475
0
0
0
0
0
0
0
0
0
0
0
0
0
0
0
0
0
0
0
0
0
0
0
0
0
0
0
0
0
0
0
0
0
0
0
0
0
0
0
0
0
0
0
0
0
0
0
0
0
0
0
0
0
0
0
0
0
0
0
0
0
0
0
0
0
0
0
0
0
0
0
0
0
0
0
0
0
0
0
0
0
0
0
0
0
0
0
0
0
0
0
0
0
0
0
0
0
0
0
0
0
0
0
0
0
0
0
0
0
0
0
0
0
0
0
0
0
0
0
0
0
0
0
0
0
0
0
0
0
0
0
0
0
0
0
0
0
0
0
0
0
0
0
0
0
0
0
0
0
0
0
0
0
0
0
0
0
0
0
0
0
0
0
0
0
0
0
0
0
0
0
0
0
0
0
0
0
0
0
0
0
0
0
0
0
0