0
0
0
0
0
0
0
0
0
0
0
0
0
0
0
0
0
0
0
0
0
0
0
0
0
0
0
0
0
0
0
0
0
0
0
0
0
0
0
0
0
0
0
0
0
0
0
0
0
0
0
0
0
0
0
0
0
0
0
0
0
0
0
0
0
0
0
0
0
0
0
0
0
0
0
0
0
0
0
0
0
0
0
0
0
0
0
0
0
0
0
0
0
0
0
0
0
0
0
0
0
0
0
0
0
0
0
0
0
0
0
0
0
0
0
0
123.24641154049235
122.0128722302273
106.88425231769291
97.29419630854086
94.85066521354999
94.24390572829162
92.95370698640058
92.13702204083285
92.08519629735547
91.70030305579125
91.56607902485516
91.51102402183571
91.41953261698748
91.40407505496678
91.30462864567475
91.27244112075758
91.27244112075758
91.24180349632621
91.20693082097712
91.19021868721494
91.17933203985393
91.17396298778742
91.16864259393965
91.16337032005146
91.1427480944842
91.13770622644205
91.1228441534096
91.10836531781622
91.08504618933637
91.0583263825609
91.03704484721864
91.0206259813171
91.01660214733134
90.98551891100428
90.93887035071936
90.8902480070326
90.83006489788077
90.8066927807683
90.77516573754627
90.75918924932267
90.74601014452588
90.73959069264068
90.73328077156802
90.72913362367477
90.72913362367477
90.71498086143227
90.87142439358976
90.86902146398882
90.86902146398882
90.8666317489674
90.8666317489674
90.8666317489674
90.8666317489674
90.8666317489674
90.8666317489674
90.8666317489674
90.8666317489674
90.8666317489674
90.8666317489674
90.8666317489674
90.8666317489674
90.8666317489674
90.8666317489674
90.8666317489674
90.8666317489674
90.8666317489674
90.8666317489674
90.8666317489674
90.8666317489674
90.8666317489674
90.8666317489674
90.8666317489674
90.8666317489674
0
0
0
0
0
0
0
0
0
0
0
0
0
0
0
0
0
0
0
0
0
0
0
0
0
0
0
0
0
0
0
0
0
0
0
0
0
0
0
0
0
0
0
0
0
0
0
0
0
0
0
0
0
0
0
0
0
0
0
0
0
0
0
0
0
0
0
0
0
0
0
0
0
0
0
0
0
0
0
0
0
0
0
0
0
0
0
0
0
0
0
0
0
0
0
0
0
0
0
0
0
0
0
0
0
0
0
0
0
0
0
0
0
0
0
0
0
0
0
0
0
0
0
0
0
0
0
0
0
0
0
0
0
0
0
0
0
0
0
0
0
0
0
0
0
0
0
0
0
0
0
0
0
0
0
0
0
0
0
0
0
0
0
0
0
0
0
0
0
0
0