0
0
0
0
0
0
0
0
0
0
0
0
0
0
0
0
0
0
0
0
0
0
0
0
0
0
0
0
0
0
0
0
0
0
0
0
0
0
0
0
113.74667771129494
98.2709543652047
94.33267539593199
92.36919684069153
89.74555802882797
88.04146771722853
87.47832840700212
86.1468628658937
85.66754976595772
85.66359521433998
85.83521288065778
86.04399697816265
86.21601150344763
86.31326681145082
86.4564002584804
86.7331652047634
86.98811152108706
87.01659996777188
87.03529493342027
87.04455501240581
87.04455501240581
87.06290265033451
87.07199148379178
87.07199148379178
87.07199148379178
87.07199148379178
87.07199148379178
87.07199148379178
87.07199148379178
87.07199148379178
87.07199148379178
87.07199148379178
87.07199148379178
87.07199148379178
87.07199148379178
87.07199148379178
87.07199148379178
87.07199148379178
87.07199148379178
87.07199148379178
87.07199148379178
87.07199148379178
87.07199148379178
87.07199148379178
87.07199148379178
87.07199148379178
87.07199148379178
87.07199148379178
87.07199148379178
87.07199148379178
87.07199148379178
87.07199148379178
87.07199148379178
87.07199148379178
87.07199148379178
87.07199148379178
87.07199148379178
87.07199148379178
87.07199148379178
87.07199148379178
87.07199148379178
87.07199148379178
87.07199148379178
87.07199148379178
87.07199148379178
87.07199148379178
87.07199148379178
87.07199148379178
87.07199148379178
0
0
0
0
0
0
0
0
0
0
0
0
0
0
0
0
0
0
0
0
0
0
0
0
0
0
0
0
0
0
0
0
0
0
0
0
0
0
0
0
0
0
0
0
0
0
0
0
0
0
0
0
0
0
0
0
0
0
0
0
0
0
0
0
0
0
0
0
0
0
0
0
0
0
0
0
0
0
0
0
0
0
0
0
0
0
0
0
0
0
0
0
0
0
0
0
0
0
0
0
0
0
0
0
0
0
0
0
0
0
0
0
0
0
0
0
0
0
0
0
0
0
0
0
0
0
0
0
0
0
0
0
0
0
0
0
0
0
0
0
0
0
0
0
0
0
0
0
0
0
0
0
0
0
0
0
0
0
0
0
0
0
0
0
0
0
0
0
0
0
0
0
0
0
0
0
0
0
0
0
0
0
0
0
0
0
0
0
0
0
0
0
0
0
0
0
0
0
0
0
0
0
0
0
0
0
0
0
0
0
0
0
0
0
0
0
0
0
0
0
0
0
0
0
0
0
0
0
0
0
0
0
0
0
0
0
0
0
0
0
0
0
0
0
0
0
0
0
0
0
0