0
0
0
0
0
0
0
0
0
0
0
0
0
0
0
0
0
0
0
0
0
0
0
0
0
0
0
0
0
0
0
0
0
0
0
0
0
0
0
0
0.08987070712994245
0.1986133111945609
0.27734008208549793
0.322537493956422
0.4289328009456902
0.5016024899581273
0.5628068688894244
0.7086255458766655
0.7816382576063811
0.8313083645307411
0.8654998113629995
0.9110994283651741
1.0101784010361627
1.0367884556563043
1.0786098337416608
1.1698772472237264
1.1962953550568574
1.2077082889607447
1.2153170458169977
1.2191215158499022
1.2191215158499022
1.226730463481104
1.230535027572004
1.230535027572004
1.230535027572004
1.230535027572004
1.230535027572004
1.230535027572004
1.230535027572004
1.230535027572004
1.230535027572004
1.230535027572004
1.230535027572004
1.230535027572004
1.230535027572004
1.230535027572004
1.230535027572004
1.230535027572004
1.230535027572004
1.230535027572004
1.230535027572004
1.230535027572004
1.230535027572004
1.230535027572004
1.230535027572004
1.230535027572004
1.230535027572004
1.230535027572004
1.230535027572004
1.230535027572004
1.230535027572004
1.230535027572004
1.230535027572004
1.230535027572004
1.230535027572004
1.230535027572004
1.230535027572004
1.230535027572004
1.230535027572004
1.230535027572004
1.230535027572004
1.230535027572004
1.230535027572004
1.230535027572004
1.230535027572004
1.230535027572004
1.230535027572004
1.230535027572004
1.230535027572004
0
0
0
0
0
0
0
0
0
0
0
0
0
0
0
0
0
0
0
0
0
0
0
0
0
0
0
0
0
0
0
0
0
0
0
0
0
0
0
0
0
0
0
0
0
0
0
0
0
0
0
0
0
0
0
0
0
0
0
0
0
0
0
0
0
0
0
0
0
0
0
0
0
0
0
0
0
0
0
0
0
0
0
0
0
0
0
0
0
0
0
0
0
0
0
0
0
0
0
0
0
0
0
0
0
0
0
0
0
0
0
0
0
0
0
0
0
0
0
0
0
0
0
0
0
0
0
0
0
0
0
0
0
0
0
0
0
0
0
0
0
0
0
0
0
0
0
0
0
0
0
0
0
0
0
0
0
0
0
0
0
0
0
0
0
0
0
0
0
0
0
0
0
0
0
0
0
0
0
0
0
0
0
0
0
0
0
0
0
0
0
0
0
0
0
0
0
0
0
0
0
0
0
0
0
0
0
0
0
0
0
0
0
0
0
0
0
0
0
0
0
0
0
0
0
0
0
0
0
0
0
0
0
0
0
0
0
0
0
0
0
0
0
0
0
0
0
0
0
0
0