0
0
0
0
0
0
0
0
0
0
0
0
0
0
0
0
0
0
0
0
0
0
0
0
0
0
0
0
0
0
0
0
0
0
0
0
0
0
0
0
0
0
0
0
0
0
0
0
0
0
0
0
0
0
0
0
0
0
0
0
0
0
0
0
0
0
0
0
0
0
0
0
0
0
0
0
0
0
0
0
0
0
0
0
0
0
0
0
0
0
0
0
0
0
0
0
0
0
0
0
0
0
0
0
0
0
0
0
0
98.23021879399683
98.23021879399683
94.43107925622687
93.1882729391696
92.70753718472926
91.76392705877073
90.43494303353631
89.86331313907384
89.60683996525599
89.62567601904642
89.63208564598587
89.63827949928444
89.4395925810567
89.46472204967696
89.4783667156
89.48952032208791
89.49313293571693
89.49845701281915
89.50020695093627
89.50020695093627
89.50538421828492
89.50538421828492
89.50708619506298
89.50877653781855
89.50877653781855
89.50877653781855
89.50877653781855
89.50877653781855
89.51045532713643
89.51045532713643
89.51045532713643
89.51045532713643
89.51045532713643
89.51045532713643
89.51045532713643
89.51045532713643
89.51045532713643
89.51045532713643
89.51705721251511
89.51867997416684
89.51867997416684
89.52029186713898
89.52029186713898
89.52029186713898
89.52189296373196
89.52506337896884
89.52506337896884
89.52506337896884
89.52663283554485
89.5281919893604
89.5281919893604
89.5281919893604
89.5281919893604
89.52974090619415
89.52974090619415
89.52974090619415
89.52974090619415
89.52974090619415
89.52974090619415
89.52974090619415
89.52974090619415
89.52974090619415
89.52974090619415
89.52974090619415
89.52974090619415
0
0
0
0
0
0
0
0
0
0
0
0
0
0
0
0
0
0
0
0
0
0
0
0
0
0
0
0
0
0
0
0
0
0
0
0
0
0
0
0
0
0
0
0
0
0
0
0
0
0
0
0
0
0
0
0
0
0
0
0
0
0
0
0
0
0
0
0
0
0
0
0
0
0
0
0
0
0
0
0
0
0
0
0
0
0
0
0
0
0
0
0
0
0
0
0
0
0
0
0
0
0
0
0
0
0
0
0
0
0
0
0
0
0
0
0
0
0
0
0
0
0
0
0
0
0
0
0
0
0
0
0
0
0
0
0
0
0
0
0
0
0
0
0
0
0
0
0
0
0
0
0
0
0
0
0
0
0
0
0
0
0
0
0
0
0
0
0
0
0
0
0
0
0
0
0
0
0
0
0
0
0
0
0
0
0