0
0
0
0
0
0
0
0
0
0
0
0
0
0
0
0
0
0
0
0
0
0
0
0
0
0
0
0
0
0
0
0
0
108.2298703324739
108.2298703324739
99.11268870903203
96.75683174040405
95.67255932881116
94.62476919772041
93.20143482806212
92.96359272048352
92.6762569742679
92.46488667963864
92.41937818808924
92.40668256081342
92.40668256081342
92.40038460976622
92.40038460976622
92.3941195724722
92.3941195724722
92.37551876492017
92.37551876492017
92.36938239215952
92.36938239215952
92.36327778962777
92.36327778962777
92.36327778962777
92.36327778962777
92.36327778962777
92.36327778962777
92.36327778962777
92.36327778962777
92.36327778962777
92.36327778962777
92.36327778962777
92.36327778962777
92.36327778962777
92.36327778962777
92.36327778962777
92.36327778962777
92.36327778962777
92.36327778962777
92.36327778962777
92.36327778962777
92.36327778962777
92.36327778962777
92.36327778962777
92.36327778962777
92.36327778962777
92.36327778962777
92.36327778962777
92.36327778962777
92.36327778962777
92.36327778962777
92.36327778962777
92.36327778962777
92.36327778962777
92.36327778962777
92.36327778962777
92.36327778962777
92.36327778962777
92.36327778962777
92.36327778962777
92.36327778962777
92.36327778962777
92.36327778962777
92.36327778962777
92.36327778962777
92.36327778962777
92.36327778962777
92.36327778962777
92.36327778962777
0
0
0
0
0
0
0
0
0
0
0
0
0
0
29.78041710652235
29.227166956889533
13.102404317207572
11.171372971236337
10.79436036591079
10.76639685968658
10.76639685968658
10.738578197908737
10.738578197908737
10.738578197908737
10.738578197908737
10.738578197908737
10.738578197908737
10.738578197908737
10.738578197908737
10.738578197908737
10.738578197908737
10.738578197908737
10.738578197908737
10.738578197908737
10.738578197908737
10.738578197908737
10.738578197908737
10.738578197908737
10.738578197908737
10.738578197908737
10.738578197908737
10.738578197908737
10.738578197908737
10.738578197908737
10.738578197908737
10.738578197908737
10.738578197908737
10.738578197908737
10.738578197908737
10.738578197908737
10.738578197908737
10.738578197908737
10.738578197908737
10.738578197908737
10.738578197908737
10.738578197908737
10.738578197908737
10.738578197908737
10.738578197908737
10.738578197908737
10.738578197908737
10.738578197908737
10.738578197908737
10.738578197908737
10.738578197908737
10.738578197908737
10.738578197908737
10.738578197908737
10.738578197908737
10.738578197908737
10.738578197908737
10.738578197908737
10.738578197908737
10.738578197908737
10.738578197908737
10.738578197908737
10.738578197908737
10.738578197908737
10.738578197908737
10.738578197908737
10.738578197908737
10.738578197908737
10.738578197908737
0
0
0
0
0
0
0
0
0
0
0
0
0
0
0
0
0
0
0
0
0
0
0
0
0
0
0
0
0
0
0
0
0
272.7061900883076
272.14841027828686
270.4842514419084
275.7836356147934
275.9725113293621
275.74065708436075
275.7571682302809
275.7224357913378
275.70522636248694
275.70522636248694
275.70522636248694
275.70522636248694
275.70522636248694
275.70522636248694
275.70522636248694
275.70522636248694
275.70522636248694
0
0
0
0
0
0
0
0
0
5.163879138398585
9.609604106059976
7.304501686374465
5.343829503731143
5.475511190736654
5.436033677215761
5.436033677215761
5.565149554887313
5.565149554887313
5.565149554887313
5.565149554887313
5.565149554887313
0
0
0
0
0
0
0
0
0
0
0
0
0
0
0
0
0
0
0
0
0
0
0
1.3039568505236332
0.46707481231416637
359.1567570359142
359.4013102581448
355.64767367237135
353.53971527902
353.4490662391778
353.4490662391778
353.4490662391778
353.4490662391778
353.4490662391778
353.4490662391778
353.4490662391778
353.4490662391778
0
0
0
0
0
0
0
0
0
0
0
0
0
78.58947308010045
80.95277666882718
87.77947479797061
92.9661438195589
93.98385880423379
94.05884366970814
94.0003094215258
93.9528032406174
93.9528032406174
93.9528032406174
93.9528032406174
93.9528032406174
93.9528032406174
93.9528032406174
93.9528032406174
93.9528032406174
93.9528032406174
93.9528032406174
93.9528032406174
93.9528032406174
93.9528032406174
0
0
0
0
0
0
0
0
0
0
0
0
0
0
0
0
0
0
0
0
0
0
0
0
0
0
0
75.93361970624235
84.65186112002935
84.92363837263066
84.68852442034584
84.75650603965231
84.40489946695773