17.98801305239956
17.98801305239956
17.431603138772914
18.288335534626096
18.288335534626096
18.288335534626096
18.207356272813264
17.98801305239956
18.31854028515938
18.524267037119778
18.78733135769989
18.31854028515938
18.53905071177192
18.31854028515938
18.53905071177192
18.207356272813264
17.98801305239956
18.288335534626096
18.288335534626096
18.288335534626096
18.08510233141632
17.62984155316671
18.07059922634794
18.31854028515938
18.31854028515938
17.567947510749356
17.94319355660096
18.07059922634794
18.31854028515938
17.756156019784957
18.53905071177192
18.31854028515938
18.65280671356587
17.96601629671026
17.602328585780825
18.07059922634794
18.08510233141632
18.274621118891066
18.49354923312989
18.41816200210659
17.969927975557265
17.961745066566213
17.777232647844713
16.966144606283407
15.7091022564132
14.936750218828102
13.145714962783478
12.806705799055445
11.829573999568602
9.890257428886517
9.781255709461027
11.338642359852008
18.378816329225874
0
0
0
0
0
0
0
0
0
0
0
0
0
0
0
0
0
0
0
0
0
0
0
0
0
0
0
0
0
0
0
0
0
0
0
0
0
0
0
0
0
0
0
0
0
0
0
0
0
0
0
0
0
0
0
0
0
0
0
0
0
0
0
0
0
0
0
0
0
0
0
0
0
0
0
0
0
0
0
0
0
0
0
0
0
0
0
0
0
0
0
0
0
0
0
0
0
0
0
0
0
0
0
0
0
0
0
0
0
0
0
0
0
0
0
0
0
0
0
0
0
0
0
14.843922814719033
13.563527312227832
11.630413354379906
11.886520667857598
17.512355112443093
0
0
21.511318711278854
9.548341759801286
7.033273649467999
5.6231124185880335
6.695840145052747
7.401377631200025
8.401522455548163
8.371538218588865
7.228144860198483
6.876795199193434
6.871885164225662
8.08771413112036
7.221002786562084
6.876795199193434
6.876795199193434
7.969508732376028
8.255145029087586
7.65411535484662
7.042266600779958
8.36596294898315
8.371538218588865
8.08771413112036
6.876795199193434
8.36596294898315
8.583463453085509
8.973034869743955
7.042266600779958
7.392007195254611
8.08771413112036
8.08771413112036
6.876795199193434
7.042266600779958
8.444152401651348
8.901277765366661
6.876795199193434
7.042266600779958
8.27440577792876
9.122956618230381
7.049268732926904
8.583463453085509
8.727548452178503
6.525712219873908
6.642966149255688
6.483143619227827
7.151261928491011
7.678579693163201
7.6946280902393
7.094284190451959
8.279027202421432
8.685553270299442
8.73375860422294
8.903861057009397
9.06183170891946
9.032146619743713
8.654092277973392
8.869154735950591
8.728015133129663
8.728015133129663
8.81242621176616
8.728015133129663
8.728015133129663
8.728015133129663
8.728015133129663
8.728015133129663
8.838057316613597
9.338764362566202
9.663202331712572
9.862175306959834
9.715527476274925
12.666328209767945
23.461951878512792
0
0
17.512355112443093
12.681782245595743
10.883808350343788
10.588150032961211
10.588150032961211
10.639825766690429
10.639825766690429
10.639825766690429
10.639825766690429
10.871557607767539
10.860380330818398
10.62706805024435
10.412597347140775
10.639825766690429
10.871557607767539
10.639825766690429
10.639825766690429
11.067101601690029
10.639825766690429
10.639825766690429
10.860380330818398
10.871557607767539
10.639825766690429
10.860380330818398
10.62706805024435
10.42363402503251
11.079446597294863
11.056867322374995
9.222878997189959
8.18704958102463
8.883286928931668
8.113783955989598
8.700737811200746
10.274298054993876
10.526986633716017
11.014425819436942
10.941693792602889
11.247744106210764
11.548107907000709
11.599297837321792
11.385580740940823
11.234322136776566
11.154676309831673
11.298721506557326
11.440151849397498
11.154676309831673
11.154676309831673
11.154676309831673
11.41583596687837
11.072491442722782
11.072491442722782
11.154319063325653
11.154319063325653
11.154676309831673
11.079446597294863
11.106687604070713
10.729120121342117
10.326990209118188
9.74453507128256
8.99366523454087
6.8965915756837814
6.863374638887253
7.673768888800839
7.7459112562536765
7.582097723714316
7.659955891022991
7.9584172956764805
8.333254283859684
12.138545422586526
15.527656901280087
0
0
0
0
0
0
0
0
0
0
0
0
0
0
0
0
0
0
0
0
0
0
0
0
0
0
0
0
0
0
0
0
0
0