0
0
0
0
0
0
0
0
0
0
0
0
0
0
0
0
0
0
0
0
0
0
0
0
0
0
0
0
0
0
0
0
0
120.24689848634162
123.16061078608965
114.91028909029188
113.59837353192634
111.23227484252943
108.84784304757586
108.45721250157767
111.63358614719127
111.32772857824199
112.27305196010374
119.45720105883322
129.6543072323313
133.94116081034338
125.15705483973707
128.30395813210302
135.39717527564122
136.5270339283361
133.74193964074487
123.23433960168256
92.36938239215952
92.36938239215952
92.36327778962777
92.36327778962777
92.36327778962777
92.36327778962777
92.36327778962777
92.36327778962777
92.36327778962777
92.36327778962777
92.36327778962777
92.36327778962777
92.36327778962777
92.36327778962777
92.36327778962777
92.36327778962777
92.36327778962777
92.36327778962777
92.36327778962777
92.36327778962777
92.36327778962777
92.36327778962777
92.36327778962777
92.36327778962777
92.36327778962777
92.36327778962777
92.36327778962777
92.36327778962777
92.36327778962777
92.36327778962777
92.36327778962777
92.36327778962777
92.36327778962777
92.36327778962777
92.36327778962777
92.36327778962777
92.36327778962777
92.36327778962777
92.36327778962777
92.36327778962777
92.36327778962777
92.36327778962777
92.36327778962777
92.36327778962777
92.36327778962777
92.36327778962777
92.36327778962777
92.36327778962777
92.36327778962777
92.36327778962777
0
0
0
0
0
0
0
0
0
0
0
0
0
0
29.78041710652235
29.227166956889533
13.102404317207572
11.171372971236337
10.79436036591079
10.76639685968658
10.76639685968658
10.738578197908737
10.738578197908737
10.738578197908737
10.738578197908737
10.738578197908737
10.738578197908737
10.738578197908737
10.738578197908737
10.738578197908737
10.738578197908737
10.738578197908737
10.738578197908737
10.738578197908737
10.738578197908737
10.738578197908737
10.738578197908737
10.738578197908737
10.738578197908737
10.738578197908737
10.738578197908737
10.738578197908737
10.738578197908737
10.738578197908737
10.738578197908737
10.738578197908737
10.738578197908737
10.738578197908737
10.738578197908737
10.738578197908737
10.738578197908737
10.738578197908737
10.738578197908737
10.738578197908737
10.738578197908737
10.738578197908737
10.738578197908737
10.738578197908737
10.738578197908737
10.738578197908737
10.738578197908737
10.738578197908737
10.738578197908737
10.738578197908737
10.738578197908737
10.738578197908737
10.738578197908737
10.738578197908737
10.738578197908737
10.738578197908737
10.738578197908737
10.738578197908737
10.738578197908737
10.738578197908737
92.55684541673683
103.81720496000818
114.44318542402306
113.33669284019618
56.5382046843644
10.738578197908737
10.738578197908737
10.738578197908737
121.97598164791933
130.57504328419836
136.98187976771786
131.28966023066985
128.99976548501724
127.32475929690906
127.68837699743189
129.3478364033294
130.34415237555137
130.63197473071477
127.65628584243463
129.63399855768463
130.34415237555137
130.34415237555137
129.2879383881576
127.36348157110362
129.89706735230163
130.27611152718458
127.75371106126151
127.68837699743189
127.65628584243463
130.34415237555137
127.75371106126151
128.132299030296
127.72355360912123
130.27611152718458
129.2895495340877
127.65628584243463
127.65628584243463
130.34415237555137
130.27611152718458
126.76038107122596
126.29623745604653
130.34415237555137
272.7061900883076
272.14841027828686
270.4842514419084
275.7836356147934
275.9725113293621
275.74065708436075
275.7571682302809
275.7224357913378
275.70522636248694
275.70522636248694
275.70522636248694
275.70522636248694
275.70522636248694
275.70522636248694
275.70522636248694
275.70522636248694
275.70522636248694
137.0671304100263
137.39983208818714
136.21738471663704
136.39276210556852
136.3862062439107
136.3862062439107
135.642373682751
136.3862062439107
136.3862062439107
136.4514971282388
136.50770783860568
136.4785626608402
136.60738169054736
136.93525387810115
133.04021787628903
130.4817051804027
126.12603489799734
109.43427574339886
5.565149554887313
5.565149554887313
5.565149554887313
0
108.75060252169138
117.23286008461538
119.06288404355054
119.06288404355054
118.3000839784211
118.3000839784211
118.3000839784211
118.3000839784211
117.46653859522971
117.64975994275858
118.51824526488005
119.0859412059534
118.3000839784211
117.46653859522971
118.3000839784211
118.3000839784211
117.15508322963449
118.3000839784211
118.3000839784211
117.64975994275858
117.46653859522971
118.3000839784211
117.69371727585087
118.5324049654529
359.1567570359142
359.4013102581448
355.64767367237135
353.53971527902
353.4490662391778
353.4490662391778
353.4490662391778
353.4490662391778
353.4490662391778
353.4490662391778
353.4490662391778
353.4490662391778
0
0
0
0
0
0
0
0
0
0
0
0
0
19.13235308908223
19.929484784854054
20.192398961092966
20.287963366163684
20.485411707639404
23.413953786690413
26.991862129887522
28.92153008314467
35.09524347992997
62.108827749937554
76.02233126580279
81.81801694314373
83.81483081675748
84.27322996263125
84.74218454015707
83.7500433372127
84.33544935855994
83.831005041764
82.66696994334562
89.31836518871604
93.9528032406174
0
0
0
0
0
0
0
0
0
0
0
0
0
0
0
0
0
0
0
0
0
0
0
0
0
0
0
75.93361970624235
84.65186112002935
84.92363837263066
84.68852442034584
84.75650603965231
84.40489946695773