90
90
90
90
90
90
90
90
90
90
90
90
90
90
90
90
90
90
90
90
90
90
90
90
90
90
90
90
90
90
90
90
90
90
90
90
90
90
90
90
90
90
143
143
143
119
119
119
119
137
137
137
137
90
90
90
90
90
90
90
90
90
90
90
90
90
90
90
90
90
90
90
90
90
90
90
90
90
90
90
90
90
90
90
90
90
90
90
90
90
90
90
90
90
90
90
90
90
90
90
90
90
90
90
90
90
90
90
90
90
90
90
90
90
90
90
90
90
90
90
90
90
90
90
90
90
90
90
90
90
90
90
90
90
90
90
90
90
90
90
90
90
90
90
90
90
90
90
90
90
90
90
90
90
90
90
90
90
90
90
90
90
90
90
90
90
90
90
90
90
90
90
90
90
90
90
38
38
38
38
90
90
90
51
51
51
51
90
90
90
90
90
90
90
90
90
90
90
90
90
90
90
90
90
90
90
90
90
90
90
90
94
94
94
94
90
90
90
90
90
90
90
90
90
90
90
90
90
81
81
81
81
123
123
123
123
145
145
145
90
90
90
90
90
90
90
90
90
90
90
38
38
38
38
90
90
38
38
38
19
19
19
19
90
90
90
90
90
90
90
90
90
90
90
90
90
90
90
90
90
90
90
90
90
90
48
48
48
48
152
152
152
152
167
167
167
167
167
2
2
2
2
90
90
90
90
90
90
90
90
90
90
90
25
25
25
42
42
42
42
165
165
165
165
125
125
90
90
90
90
90
90
90
90
90
90
90
90
90
90
90
90
90
90
90
90
90
90
90
90
90
90
90
90
90
90
90
90
90
90