23.97779655456543
23.97779655456543
24.614831924438477
23.64620018005371
23.64620018005371
23.64620018005371
23.734790802001953
23.97779655456543
23.613309860229492
23.391483306884766
23.113300323486328
23.613309860229492
23.375688552856445
23.613309860229492
23.375688552856445
23.734790802001953
23.97779655456543
23.64620018005371
23.64620018005371
23.64620018005371
23.869680404663086
24.38440704345703
23.885774612426758
23.613309860229492
23.613309860229492
24.4559326171875
24.028005599975586
23.885774612426758
23.613309860229492
24.239599227905273
23.375688552856445
23.613309860229492
23.254798889160156
24.00241470336914
24.416154861450195
23.885774612426758
23.869680404663086
23.661161422729492
23.42436408996582
23.505416870117188
23.99803352355957
24.007200241088867
24.215587615966797
25.171499252319336
26.792543411254883
27.881868362426758
30.72124481201172
31.31303596496582
33.125370025634766
37.23140335083008
37.483428955078125
34.09872055053711
23.547922134399414
0
0
0
0
0
0
0
0
0
0
0
0
0
0
0
0
0
0
0
0
0
0
0
0
0
0
0
0
0
0
0
0
0
0
0
0
0
0
0
0
0
0
0
0
0
0
0
0
0
0
0
0
0
0
0
0
0
0
0
0
0
0
0
0
0
0
0
0
0
0
0
0
0
0
0
0
0
0
0
0
0
0
0
0
0
0
0
0
0
0
0
0
0
0
0
0
0
0
0
0
0
0
0
0
0
0
0
0
0
0
0
0
0
0
0
0
0
0
0
0
0
0
0
28.0179500579834
30.016761779785156
33.51502227783203
33.0152473449707
24.520498275756836
0
0
20.554903030395508
38.029693603515625
44.57026672363281
48.626224517822266
45.524818420410156
43.546051025390625
40.871849060058594
40.949485778808594
44.02566146850586
45.011207580566406
45.02509307861328
41.69242477416992
44.045528411865234
45.011207580566406
45.011207580566406
42.00605010986328
41.25240707397461
42.8545036315918
44.545021057128906
40.96393966674805
40.949485778808594
41.69242477416992
45.011207580566406
40.96393966674805
40.4043083190918
39.424076080322266
44.545021057128906
43.57188034057617
41.69242477416992
41.69242477416992
45.011207580566406
44.545021057128906
40.76175308227539
39.60246658325195
45.011207580566406
44.545021057128906
41.202110290527344
39.05455017089844
44.52537155151367
40.4043083190918
40.038421630859375
46.01096725463867
45.67558670043945
46.133060455322266
44.23990249633789
42.78810119628906
42.74459457397461
44.39920425415039
41.1900520324707
40.14466094970703
40.02273941040039
39.59602737426758
39.204689025878906
39.277862548828125
40.22446823120117
39.68264389038086
40.0372428894043
40.0372428894043
39.82471466064453
40.0372428894043
40.0372428894043
40.0372428894043
40.0372428894043
40.0372428894043
39.76044845581055
38.530235290527344
37.75898742675781
37.296112060546875
37.63651657104492
31.563528060913086
19.026397705078125
0
0
24.520498275756836
31.53579330444336
35.039756774902344
35.672218322753906
35.672218322753906
35.560482025146484
35.560482025146484
35.560482025146484
35.560482025146484
35.065635681152344
35.089271545410156
35.58802032470703
36.05561065673828
35.560482025146484
35.065635681152344
35.560482025146484
35.560482025146484
34.655914306640625
35.560482025146484
35.560482025146484
35.089271545410156
35.065635681152344
35.560482025146484
35.089271545410156
35.58802032470703
36.031333923339844
34.630287170410156
34.677181243896484
38.810665130615234
41.430763244628906
39.64734649658203
41.62358474731445
40.10620880126953
36.36180114746094
35.80512619018555
34.76558303833008
34.9178581237793
34.283729553222656
33.67811965942383
33.5765380859375
34.00377655029297
34.31117630004883
34.474727630615234
34.179786682128906
33.893898010253906
34.474727630615234
34.474727630615234
34.474727630615234
33.94279098510742
34.64472198486328
34.64472198486328
34.4754638671875
34.4754638671875
34.474727630615234
34.630287170410156
34.57383728027344
35.36859893798828
36.24470901489258
37.568851470947266
39.37297058105469
44.95525360107422
45.04916763305664
42.801151275634766
42.60585021972656
43.050537109375
42.83864212036133
42.03560256958008
41.048851013183594
32.53469467163086
27.04173469543457
0
0
0
0
0
0
0
0
0
0
0
0
0
0
0
0
0
0
0
0
0
0
0
0
0
0
0
0
0
0
0
0
0
0