0.42688189603103777
0.42688189603103777
0.3656332095879347
0.44526171132878545
0.44526171132878545
0.44526171132878545
0.4804005443324446
0.42688189603103777
0.4314801688990665
0.4343254015819145
0.48619998009576804
0.4314801688990665
0.48375235698509245
0.4314801688990665
0.48375235698509245
0.4804005443324446
0.42688189603103777
0.44526171132878545
0.44526171132878545
0.44526171132878545
0.377047360811827
0.4382079106714938
0.38485972838032345
0.4314801688990665
0.4314801688990665
0.4677977268983693
0.448188404215249
0.38485972838032345
0.4314801688990665
0.3712932674909476
0.48375235698509245
0.4314801688990665
0.43609477919183165
0.4374559863981581
0.4515812980715638
0.38485972838032345
0.377047360811827
0.4810867774427677
0.5016307561049231
0.6381507753248886
1.0000819432324943
1.132013213643908
1.4878820334875504
1.8547962944931524
2.5190262211692183
3.0322463291984905
5.673011737914096
6.323245060668333
7.62943598272471
8.350124574935485
8.843908074613049
10.973041831794625
17.198969730257666
0
0
0
0
0
0
0
0
0
0
0
0
0
0
0
0
0
0
0
0
0
0
0
0
0
0
0
0
0
0
0
0
0
0
0
0
0
0
0
0
0
0
0
0
0
0
0
0
0
0
0
0
0
0
0
0
0
0
0
0
0
0
0
0
0
0
0
0
0
0
0
0
0
0
0
0
0
0
0
0
0
0
0
0
0
0
0
0
0
0
0
0
0
0
0
0
0
0
0
0
0
0
0
0
0
0
0
0
0
0
0
0
0
0
0
0
0
0
0
0
0
0
0
14.50855609203188
13.542433490402626
12.128889446356503
12.312492944624967
16.577966541646603
0
0
19.703328174358564
10.649573047376855
9.01946588053162
8.20544889010991
8.896246356436343
9.26605261553405
9.615420125047716
9.556897459836183
9.199180352797658
9.031084075502708
8.994984181218122
9.534106067303302
9.160975348664518
9.031084075502708
9.031084075502708
9.284376869045957
9.595400659011764
9.170564741071587
9.058251414507403
9.546415958875262
9.556897459836183
9.534106067303302
9.031084075502708
9.546415958875262
9.503936980367827
9.588049678827378
9.058251414507403
9.226133847284043
9.534106067303302
9.534106067303302
9.031084075502708
9.058251414507403
9.706811571511876
9.819013328357839
9.031084075502708
9.058251414507403
9.642102323827878
9.525138514517995
9.095937571939963
9.503936980367827
9.73738527827046
8.834850129324721
8.702679674526777
8.648895088727379
8.944413512715325
8.997320054019724
8.661555545580063
8.156855602099323
8.380249728530778
8.364830864330564
8.167439831844556
8.147583093839117
8.073013914000931
7.875806199725419
7.644600749786408
7.694235086397425
7.6777650813589755
7.6777650813589755
7.570675711531148
7.6777650813589755
7.6777650813589755
7.6777650813589755
7.6777650813589755
7.6777650813589755
7.713112288703318
8.06383623732361
8.67141725057212
9.093286742125766
9.88401780748733
12.783742020895218
21.365053243447424
0
0
16.577966541646603
12.842549927004244
11.54403077384676
11.18517487165898
11.18517487165898
11.340838258706558
11.340838258706558
11.340838258706558
11.340838258706558
11.494770701306297
11.456493175692145
11.295936001275996
11.191046071621354
11.340838258706558
11.494770701306297
11.340838258706558
11.340838258706558
11.532003645633825
11.340838258706558
11.340838258706558
11.456493175692145
11.494770701306297
11.340838258706558
11.456493175692145
11.295936001275996
11.240216664242206
11.565021047304718
11.506125517921898
10.172462053455368
8.978835311421065
8.628556781792604
6.839287777990909
6.582521955843488
5.17445983163289
4.65017213221382
3.5997620695864168
2.276771951996104
1.0268893548811353
0.5153839540661246
-1.4825873721637903
-1.499833405991506
-1.5301136731918248
-1.4793445374376075
-1.4894133119703001
-1.4604398698852752
-1.4793445374376075
-1.4793445374376075
-1.4793445374376075
-1.5701574045738214
-1.4287890669645777
-1.4287890669645777
-1.4977971871979265
-1.4977971871979265
-1.4793445374376075
-1.5593286805354678
-2.0361748073885475
-2.80250669081479
-3.246582137474815
-4.207400779554222
-5.5017274808388175
-6.942763571564946
-8.071736305301325
-9.282397461601157
-9.470530406483451
-9.436583780738722
-9.252744260341572
-9.689838062364846
-9.90283503597811
-12.540458858394082
-15.087789470432243
0
0
0
0
0
0
0
0
0
0
0
0
0
0
0
0
0
0
0
0
0
0
0
0
0
0
0
0
0
0
0
0
0
0