0.501408473493427
0.501408473493427
0.5663927539141536
0.46617206899392066
0.46617206899392066
0.46617206899392066
0.47565471625480193
0.501408473493427
0.462640983732745
0.43870795453764716
0.4085292792242008
0.462640983732745
0.43699769768355934
0.462640983732745
0.43699769768355934
0.47565471625480193
0.501408473493427
0.46617206899392066
0.46617206899392066
0.46617206899392066
0.4900017318048099
0.543384579648468
0.4917052879007655
0.462640983732745
0.462640983732745
0.5505928254808685
0.5066744121578272
0.4917052879007655
0.462640983732745
0.5286205684343982
0.43699769768355934
0.462640983732745
0.4238907576538181
0.5039930310789994
0.5465911952629401
0.4917052879007655
0.4900017318048099
0.4677764934297974
0.4422661737554526
0.45102313659932897
0.5035334313344513
0.504494868296931
0.5261514801200653
0.6191438253115127
0.7458747156481054
0.8084141556352942
0.9073358990197066
0.9198910106657215
0.9478524978460167
0.9783658043985681
0.9794240070269051
0.958147983861013
0.4556059501267439
0
0
0
0
0
0
0
0
0
0
0
0
0
0
0
0
0
0
0
0
0
0
0
0
0
0
0
0
0
0
0
0
0
0
0
0
0
0
0
0
0
0
0
0
0
0
0
0
0
0
0
0
0
0
0
0
0
0
0
0
0
0
0
0
0
0
0
0
0
0
0
0
0
0
0
0
0
0
0
0
0
0
0
0
0
0
0
0
0
0
0
0
0
0
0
0
0
0
0
0
0
0
0
0
0
0
0
0
0
0
0
0
0
0
0
0
0
0
0
0
0
0
0
0.8150807178171143
0.889452249488312
0.9522900113362815
0.9465135772251279
0.5570492008627955
0
0
0.16106401121608083
0.9815181265957107
0.9942592103990318
0.9970328507689112
0.9950970156137423
0.9931822926709921
0.9891353768999934
0.9892857859782835
0.9937120414790185
0.9946640952275979
0.994676329400898
0.9906112529731191
0.9937329814555775
0.9946640952275979
0.9946640952275979
0.9911141298181868
0.9898503766722774
0.9923289665858455
0.9942350345190865
0.9893135250843474
0.9892857859782835
0.9906112529731191
0.9946640952275979
0.9893135250843474
0.9881768984415241
0.9858348814111191
0.9942350345190865
0.9932120494106693
0.9906112529731191
0.9906112529731191
0.9946640952275979
0.9942350345190865
0.988917932118962
0.9862982127016664
0.9946640952275979
0.9942350345190865
0.9897590240518529
0.9848164489942983
0.9942161405209472
0.9881768984415241
0.9873589710089276
0.9954720912489982
0.9952167824012025
0.9955613845723604
0.99393384848152
0.9922409418104865
0.992182654711451
0.994093195741637
0.9897369841342601
0.9876029691480079
0.987322488990058
0.9862817948409839
0.9852401030812425
0.9854416274921795
0.9877827095787464
0.9865007560566339
0.9873562330608014
0.9873562330608014
0.9868512552247084
0.9873562330608014
0.9873562330608014
0.9873562330608014
0.9873562330608014
0.9873562330608014
0.9866940185444161
0.9832227547617002
0.9805129394848258
0.9786434133417206
0.9800374379788971
0.9246202958081727
0.07128359504245152
0
0
0.5570492008627955
0.9241124865821945
0.9659287417127495
0.9702174157249377
0.9702174157249377
0.9695075337804763
0.9695075337804763
0.9695075337804763
0.9695075337804763
0.9661177288034284
0.9662892732419451
0.9696842985330529
0.9725113026616923
0.9695075337804763
0.9661177288034284
0.9695075337804763
0.9695075337804763
0.9629769009478313
0.9695075337804763
0.9695075337804763
0.9662892732419451
0.9661177288034284
0.9695075337804763
0.9662892732419451
0.9696842985330529
0.9723722903699277
0.9627694823113299
0.9631480128374015
0.9840979706976085
0.9901669296116042
0.9864120155916745
0.9904966057983052
0.9875152862203722
0.9741966273368873
0.9710369433088765
0.9638495290911945
0.9650219300343591
0.959828035067328
0.9540171303412743
0.9529500751379789
0.957254323743258
0.9600705701471217
0.9614811407246108
0.9588939515882023
0.9561924254834311
0.9614811407246108
0.9614811407246108
0.9614811407246108
0.9566686619955317
0.9628864787147553
0.9628864787147553
0.9614873587105717
0.9614873587105717
0.9614811407246108
0.9627694823113299
0.9623078240188949
0.9682420780066318
0.9735667177506806
0.9797689549949532
0.9856988372791063
0.9946144849393084
0.994697468743359
0.9922583302965641
0.9919934688745238
0.9925823808714039
0.9923080423051753
0.991159923041473
0.9894748380545801
0.9401897645305605
0.7616977920429899
0
0
0
0
0
0
0
0
0
0
0
0
0
0
0
0
0
0
0
0
0
0
0
0
0
0
0
0
0
0
0
0
0
0