0
0
0
0
0
0
0
0
0
0
0
0
0
0
0
0
0
0
0
0
0
0
0
0
0
0
0
0
0
0
0
0
0
0
0
0
0
0
0
0
0
0
-2.37
-2.37
-2.37
6.15
6.15
6.15
6.15
-9.33
-9.33
-9.33
-9.33
0
0
0
0
0
0
0
0
0
0
0
0
0
0
0
0
0
0
0
0
0
0
0
0
0
0
0
0
0
0
0
0
0
0
0
0
0
0
0
0
0
0
0
0
0
0
0
0
0
0
0
0
0
0
0
0
0
0
0
0
0
0
0
0
0
0
0
0
0
0
0
0
0
0
0
0
0
0
0
0
0
0
0
0
0
0
0
0
0
0
0
0
0
0
0
0
0
0
0
0
0
0
0
0
0
0
0
0
0
0
0
0
0
0
0
0
0
0
0
0
0
0
0
-10.25
-10.25
-10.25
-10.25
0
0
0
-16.15
-16.15
-16.15
-16.15
0
0
0
0
0
0
0
0
0
0
0
0
0
0
0
0
0
0
0
0
0
0
0
0
1.39
1.39
1.39
1.39
0
0
0
0
0
0
0
0
0
0
0
0
0
2.96
2.96
2.96
2.96
2.35
2.35
2.35
2.35
-1.31
-1.31
-1.31
0
0
0
0
0
0
0
0
0
0
0
-2.04
-2.04
-2.04
-2.04
0
0
-2.04
-2.04
-2.04
-1.63
-1.63
-1.63
-1.63
0
0
0
0
0
0
0
0
0
0
0
0
0
0
0
0
0
0
0
0
0
0
-16.53
-16.53
-16.53
-16.53
-15.96
-15.96
-15.96
-15.96
7.61
7.61
7.61
7.61
7.61
2.19
2.19
2.19
2.19
0
0
0
0
0
0
0
0
0
0
0
5.72
5.72
5.72
-20.68
-20.68
-20.68
-20.68
-11.67
-11.67
-11.67
-11.67
15.4
15.4
0
0
0
0
0
0
0
0
0
0
0
0
0
0
0
0
0
0
0
0
0
0
0
0
0
0
0
0
0
0
0
0
0
0