0
0
0
0
0
0
0
0
0
0
0
0
0
0
0
0
0
0
0
0
0
0
0
0
0
0
0
0
0
0
0
0
0
0.1446092301050769
0.1446092301050769
0.30066982698171946
0.44520523896204295
0.6022048338442223
0.7087061736022263
0.8100439149476997
0.8289359946872153
0.8668680744752582
0.8857897865595482
0.9024413027990191
0.9071989996369259
0.9071989996369259
0.9095778428487763
0.9095778428487763
0.9119566752139349
0.9119566752139349
0.9190933459523353
0.9190933459523353
0.9214723083214299
0.9214723083214299
0.9238512158665473
0.9238512158665473
0.9238512158665473
0.9238512158665473
0.9238512158665473
0.9238512158665473
0.9238512158665473
0.9238512158665473
0.9238512158665473
0.9238512158665473
0.9238512158665473
0.9238512158665473
0.9238512158665473
0.9238512158665473
0.9238512158665473
0.9238512158665473
0.9238512158665473
0.9238512158665473
0.9238512158665473
0.9238512158665473
0.9238512158665473
0.9238512158665473
0.9238512158665473
0.9238512158665473
0.9238512158665473
0.9238512158665473
0.9238512158665473
0.9238512158665473
0.9238512158665473
0.9238512158665473
0.9238512158665473
0.9238512158665473
0.9238512158665473
0.9238512158665473
0.9238512158665473
0.9238512158665473
0.9238512158665473
0.9238512158665473
0.9238512158665473
0.9238512158665473
0.9238512158665473
0.9238512158665473
0.9238512158665473
0.9238512158665473
0.9238512158665473
0.9238512158665473
0.9238512158665473
0.9238512158665473
0
0
0
0
0
0
0
0
0
0
0
0
0
0
0.38679645895488907
0.3983300700355634
0.7529349572559232
0.8809784235400483
0.9113639941934222
0.9137030402861555
0.9137030402861555
0.9160421315773317
0.9160421315773317
0.9160421315773317
0.9160421315773317
0.9160421315773317
0.9160421315773317
0.9160421315773317
0.9160421315773317
0.9160421315773317
0.9160421315773317
0.9160421315773317
0.9160421315773317
0.9160421315773317
0.9160421315773317
0.9160421315773317
0.9160421315773317
0.9160421315773317
0.9160421315773317
0.9160421315773317
0.9160421315773317
0.9160421315773317
0.9160421315773317
0.9160421315773317
0.9160421315773317
0.9160421315773317
0.9160421315773317
0.9160421315773317
0.9160421315773317
0.9160421315773317
0.9160421315773317
0.9160421315773317
0.9160421315773317
0.9160421315773317
0.9160421315773317
0.9160421315773317
0.9160421315773317
0.9160421315773317
0.9160421315773317
0.9160421315773317
0.9160421315773317
0.9160421315773317
0.9160421315773317
0.9160421315773317
0.9160421315773317
0.9160421315773317
0.9160421315773317
0.9160421315773317
0.9160421315773317
0.9160421315773317
0.9160421315773317
0.9160421315773317
0.9160421315773317
0.9160421315773317
0.9160421315773317
0.9160421315773317
0.9160421315773317
0.9160421315773317
0.9160421315773317
0.9160421315773317
0.9160421315773317
0.9160421315773317
0.9160421315773317
0
0
0
0
0
0
0
0
0
0
0
0
0
0
0
0
0
0
0
0
0
0
0
0
0
0
0
0
0
0
0
0
0
0.10085649574869279
0.12702384096480354
0.28170657722407644
0.6851844257183836
0.7093564175216852
0.7617069563167392
0.7832662609337474
0.7880043491544421
0.7903734141160013
0.7903734141160013
0.7903734141160013
0.7903734141160013
0.7903734141160013
0.7903734141160013
0.7903734141160013
0.7903734141160013
0.7903734141160013
0
0
0
0
0
0
0
0
0
0.17690837121263553
0.3235880682703785
0.5184935715980172
0.7078384082596448
0.8156264641191452
0.8466649486892737
0.8466649486892737
0.8516332183184504
0.8516332183184504
0.8516332183184504
0.8516332183184504
0.8516332183184504
0
0
0
0
0
0
0
0
0
0
0
0
0
0
0
0
0
0
0
0
0
0
0
0.3858141961007014
0.4928735197201474
0.6976946650180302
0.7548031686703346
0.8882758582326087
0.980032589135897
0.9873992204212027
0.9873992204212027
0.9873992204212027
0.9873992204212027
0.9873992204212027
0.9873992204212027
0.9873992204212027
0.9873992204212027
0
0
0
0
0
0
0
0
0
0
0
0
0
0.34901130039263817
0.46938114583995866
0.6759539584387882
0.8742366743942566
0.9253012875487427
0.9755121455492988
0.9897625461012042
1.0016386411702458
1.0016386411702458
1.0016386411702458
1.0016386411702458
1.0016386411702458
1.0016386411702458
1.0016386411702458
1.0016386411702458
1.0016386411702458
1.0016386411702458
1.0016386411702458
1.0016386411702458
1.0016386411702458
1.0016386411702458
0
0
0
0
0
0
0
0
0
0
0
0
0
0
0
0
0
0
0
0
0
0
0
0
0
0
0
0.342870322483817
0.5875277984273748
0.6996191035235133
0.7716167129446273
0.8336970669397186
0.9035607353629352